# Mineral: Nchwaningite; Exposure [kg Myr]: 1.0; sigma [nm]:1.0
# Columns: m [GeV], 95% upper limit [cm^2], 5-sig discovery reach [cm^2]
3.162277660168379412e-01 1.167248658088741913e-43 4.562487645403880616e-43
3.511191734215131643e-01 1.108295836717831740e-43 4.328766079172993430e-43
3.898603702549072736e-01 9.664156615915843371e-44 3.773850175737337278e-43
4.328761281083058354e-01 8.518346164392220202e-44 3.324539635097338354e-43
4.806380863064390607e-01 7.532101990759537976e-44 2.939943494845294698e-43
5.336699231206309957e-01 5.697427216140140469e-44 2.227278131764562183e-43
5.925530975545677537e-01 4.145597581607408468e-44 1.622077001643874548e-43
6.579332246575679832e-01 3.170980563615615581e-44 1.239039011314210833e-43
7.305271542664454332e-01 2.341756348893102115e-44 9.219226765961773894e-44
8.111308307896871739e-01 1.633619740920371895e-44 6.373302715725819591e-44
9.006280202112786348e-01 1.017236092780227527e-44 3.968581788193851679e-44
1.000000000000000000e+00 6.294967001764328608e-45 2.455879375278961237e-44
1.110336318167637781e+00 4.152062456231732106e-45 1.619859889380142674e-44
1.232846739442066131e+00 2.941379485452766663e-45 1.147531545624857264e-44
1.368874509537080897e+00 2.229456965702121261e-45 8.697865101763461343e-45
1.519911082952933867e+00 1.782950097404724375e-45 6.955890904814321452e-45
1.687612475788147881e+00 1.483617204569407202e-45 5.788092125804353927e-45
1.873817422860383886e+00 1.259555245579857552e-45 4.913950698672474491e-45
2.080567538217171109e+00 1.066785679976412104e-45 4.161891473875428131e-45
2.310129700083159765e+00 8.839252245296430747e-46 3.448491036732595620e-45
2.565020905680045704e+00 7.152777391628304876e-46 2.790540199358974928e-45
2.848035868435801810e+00 5.733822159034336310e-46 2.236957807394889010e-45
3.162277660168379523e+00 4.653229821373449278e-46 1.815382216227841488e-45
3.511191734215131088e+00 3.902653760549119763e-46 1.522557128051850087e-45
3.898603702549071848e+00 3.432829480784153009e-46 1.339262798096397523e-45
4.328761281083059131e+00 3.206447275184130068e-46 1.250943448764235189e-45
4.806380863064391384e+00 3.217256338247242511e-46 1.255160429573721266e-45
5.336699231206309513e+00 3.460726766472235283e-46 1.350146472074104708e-45
5.925530975545677315e+00 3.641057604317132582e-46 1.420499626469660837e-45
6.579332246575678944e+00 2.925153468318836331e-46 1.145239590656348654e-45
7.305271542664456774e+00 1.877051900407222116e-46 7.351726824000044798e-46
8.111308307896871739e+00 1.214740336835477159e-46 4.755574683221256104e-46
9.006280202112785460e+00 8.431347556378479128e-47 3.289353631832394651e-46
1.000000000000000000e+01 6.249727738030880512e-47 2.438230009567490216e-46
1.110336318167637870e+01 4.887877477968087706e-47 1.906926197336368205e-46
1.232846739442066486e+01 3.991024964429646284e-47 1.557033721323574311e-46
1.368874509537081252e+01 3.373042917588028676e-47 1.315938039216641678e-46
1.519911082952933867e+01 2.931443139035861054e-47 1.143655041073830032e-46
1.687612475788147748e+01 2.607839482548367444e-47 1.017406318005107137e-46
1.873817422860383886e+01 2.368911210136450935e-47 9.241923239964016468e-47
2.080567538217171375e+01 2.194396344754056755e-47 8.561081770180165358e-47
2.310129700083160387e+01 2.070445906482529580e-47 8.077509219565501594e-47
2.565020905680045615e+01 1.985980448753410459e-47 7.747980922590631339e-47
2.848035868435801987e+01 1.931120334538872067e-47 7.533953076237868815e-47
3.162277660168379256e+01 1.896990249819925154e-47 7.400800080973091524e-47
3.511191734215130822e+01 1.876269681612514454e-47 7.319962141567881864e-47
3.898603702549071670e+01 1.863884131334636684e-47 7.271641924050625815e-47
4.328761281083057355e+01 1.857339760087826270e-47 7.246110120047989662e-47
4.806380863064389075e+01 1.856433458730731887e-47 7.242574332155772306e-47
5.336699231206312533e+01 1.862479305972677895e-47 7.266161225531734526e-47
5.925530975545680690e+01 1.877451696605848519e-47 7.324573581536647856e-47
6.579332246575683030e+01 1.903366064825420061e-47 7.425674290112234646e-47
7.305271542664456774e+01 1.941985685444450619e-47 7.576342482229511697e-47
8.111308307896872805e+01 1.994763464964115273e-47 7.782246437181200357e-47
9.006280202112786526e+01 2.062920097417642095e-47 8.048148494942855193e-47
1.000000000000000000e+02 2.147553860570216776e-47 8.378333408255979133e-47
1.110336318167637870e+02 2.249746976152536099e-47 8.777023289845150570e-47
1.232846739442065882e+02 2.370654047041745869e-47 9.248722635749551198e-47
1.368874509537080542e+02 2.511565911657782819e-47 9.798467442903638615e-47
1.519911082952934578e+02 2.673959821597201659e-47 1.043202096904499489e-46
1.687612475788148743e+02 2.859535421419534814e-47 1.115601410202083814e-46
1.873817422860385022e+02 3.070245861691314464e-47 1.197806674228785657e-46
2.080567538217171659e+02 3.308325389938279639e-47 1.290689544454156331e-46
2.310129700083160458e+02 3.576317365022209935e-47 1.395242271126819269e-46
2.565020905680045757e+02 3.877099248670682530e-47 1.512587449314854697e-46
2.848035868435802058e+02 4.213919492377017099e-47 1.643992409732118235e-46
3.162277660168379612e+02 4.590428644424063897e-47 1.790881354639526099e-46
3.511191734215130964e+02 5.010720841310266994e-47 1.954851545052631606e-46
3.898603702549071954e+02 5.479373261787326792e-47 2.137688693095121386e-46
4.328761281083056929e+02 6.001501036297127438e-47 2.341388384025912888e-46
4.806380863064393907e+02 6.582809790549721657e-47 2.568176575264711009e-46
5.336699231206312106e+02 7.229657165763089914e-47 2.820533597516710157e-46
5.925530975545680121e+02 7.949132062943527389e-47 3.101225070644553341e-46
6.579332246575681893e+02 8.749093715284556964e-47 3.413317147131654786e-46
7.305271542664456774e+02 9.638313905855180283e-47 3.760231996008851869e-46
8.111308307896872520e+02 1.062653491291989851e-46 4.145770409282095993e-46
9.006280202112785673e+02 1.172458658809185270e-46 4.574157478076817468e-46
1.000000000000000000e+03 1.294450366383296841e-46 5.050088358258322481e-46
1.110336318167637955e+03 1.429965784024027853e-46 5.578779801951208756e-46
1.232846739442065882e+03 1.580490433714310159e-46 6.166027332465420261e-46
1.368874509537082076e+03 1.747674472923983959e-46 6.818268771786371804e-46
1.519911082952934748e+03 1.933350783982668950e-46 7.542654813332100532e-46
1.687612475788148686e+03 2.139555023184619232e-46 8.347127240287197853e-46
1.873817422860385022e+03 2.368547945873177821e-46 9.240506023302357511e-46
2.080567538217171659e+03 2.622840197853331500e-46 1.023258604017339901e-45
2.310129700083160515e+03 2.905219836566296665e-46 1.133424444524450714e-45
2.565020905680045871e+03 3.218782897467064095e-46 1.255755991917741702e-45
2.848035868435802058e+03 3.566967333711407947e-46 1.391594507914085022e-45
3.162277660168379498e+03 3.953590709772690186e-46 1.542429353434880030e-45
3.511191734215134602e+03 4.382892057139269259e-46 1.709914317928189097e-45
3.898603702549071841e+03 4.859578358331989128e-46 1.895885754354956653e-45
4.328761281083061476e+03 5.388876141102020286e-46 2.102382707829291596e-45
4.806380863064388905e+03 5.976588784952828818e-46 2.331669272829447264e-45
5.336699231206313016e+03 6.629160153568168298e-46 2.586259418358533778e-45
5.925530975545674664e+03 7.353745246779795259e-46 2.868944551664914257e-45
6.579332246575682802e+03 8.158288649811951042e-46 3.182824123943789399e-45
7.305271542664449044e+03 9.051611639919621013e-46 3.531339613580679144e-45
8.111308307896872066e+03 1.004350890546656406e-45 3.918312259532531317e-45
9.006280202112795450e+03 1.114485593788576904e-45 4.347984958560965638e-45
1.000000000000000000e+04 1.236772827399083200e-45 4.825068785687921709e-45
