# Mineral: Halite; Exposure [kg Myr]: 0.01; sigma [nm]:1.0
# Columns: m [GeV], 95% upper limit [cm^2], 5-sig discovery reach [cm^2]
3.162277660168379412e-01 1.743534461997070056e-43 6.868760801478857555e-43
3.511191734215131643e-01 1.385115136427130908e-43 5.456420219802236049e-43
3.898603702549072736e-01 1.227789652419371869e-43 4.830464091719636189e-43
4.328761281083058354e-01 1.169652803944407117e-43 4.591476514991197503e-43
4.806380863064390607e-01 1.160401548002507608e-43 4.527118613937777817e-43
5.336699231206309957e-01 1.064110857320757810e-43 4.151456086699119238e-43
5.925530975545677537e-01 7.970229158764476270e-44 3.124565127352325885e-43
6.579332246575679832e-01 5.360159294696957506e-44 2.105649177932929578e-43
7.305271542664454332e-01 3.608590410096581779e-44 1.416645754121133276e-43
8.111308307896871739e-01 2.544880734859961183e-44 9.978249601037468739e-44
9.006280202112786348e-01 1.874491223671481513e-44 7.342399162142925541e-44
1.000000000000000000e+00 1.430691952013865879e-44 5.581612828698974629e-44
1.110336318167637781e+00 1.126318360504006648e-44 4.394148580579582226e-44
1.232846739442066131e+00 9.100520266180850809e-45 3.550420521625870232e-44
1.368874509537080897e+00 7.523917339013969213e-45 2.935334436067619372e-44
1.519911082952933867e+00 6.353554764219789112e-45 2.478736441474507630e-44
1.687612475788147881e+00 5.475909222758959562e-45 2.136337254397739199e-44
1.873817422860383886e+00 4.817928922975132612e-45 1.879636902016850826e-44
2.080567538217171109e+00 4.330672242298423674e-45 1.689541603311484456e-44
2.310129700083159765e+00 3.981131183498305264e-45 1.553173823007030807e-44
2.565020905680045704e+00 3.748896115577953397e-45 1.462571074277411229e-44
2.848035868435801810e+00 3.624110506215126749e-45 1.413887990747363972e-44
3.162277660168379523e+00 3.606922321235868503e-45 1.407182298886356734e-44
3.511191734215131088e+00 3.712081750119472512e-45 1.448208546115130541e-44
3.898603702549071848e+00 3.974540673765633752e-45 1.555954956857164057e-44
4.328761281083059131e+00 4.467404732463121408e-45 1.749692257510112394e-44
4.806380863064391384e+00 5.336118781857406897e-45 2.091183369865442953e-44
5.336699231206309513e+00 6.824549569487901194e-45 2.675449512394357249e-44
5.925530975545677315e+00 8.832919942064474286e-45 3.446020591232085969e-44
6.579332246575678944e+00 8.885069252145231721e-45 3.466365799559064622e-44
7.305271542664456774e+00 6.509356988046604390e-45 2.550887834868925200e-44
8.111308307896871739e+00 4.630931523892452427e-45 1.815503753049893306e-44
9.006280202112785460e+00 3.515849146986769740e-45 1.377871017704492660e-44
1.000000000000000000e+01 2.842227990885090147e-45 1.113425531650879139e-44
1.110336318167637870e+01 2.415848878118785539e-45 9.460813917124580316e-45
1.232846739442066486e+01 2.137767367748064555e-45 8.369722089368904984e-45
1.368874509537081252e+01 1.955811531775947444e-45 7.630281781421680760e-45
1.519911082952933867e+01 1.840584217764458557e-45 7.180741086656651392e-45
1.687612475788147748e+01 1.774147348333105734e-45 6.921548405664308406e-45
1.873817422860383886e+01 1.744569664217460908e-45 6.806155863705361261e-45
2.080567538217171375e+01 1.743232995291400361e-45 6.800941066477405771e-45
2.310129700083160387e+01 1.763496897793302199e-45 6.879997398628370253e-45
2.565020905680045615e+01 1.800033161528406079e-45 7.022537711439612306e-45
2.848035868435801987e+01 1.848574655984518555e-45 7.211914486642042734e-45
3.162277660168379256e+01 1.905809233261967281e-45 7.435205915888774596e-45
3.511191734215130822e+01 1.969384816851001123e-45 7.683235753795584825e-45
3.898603702549071670e+01 2.037903102102350197e-45 7.950548741347552035e-45
4.328761281083057355e+01 2.110866441661825898e-45 8.235203388028576916e-45
4.806380863064389075e+01 2.188595193905242826e-45 8.538449520132642156e-45
5.336699231206312533e+01 2.272054724890022531e-45 8.864053356909749271e-45
5.925530975545680690e+01 2.362673303968932352e-45 9.217587059810186800e-45
6.579332246575683030e+01 2.462171277576733122e-45 9.605762281692940602e-45
7.305271542664456774e+01 2.572453028987133857e-45 1.003600866532376114e-44
8.111308307896872805e+01 2.695519091933109568e-45 1.051613096890548591e-44
9.006280202112786526e+01 2.833433775614084102e-45 1.105418276028945529e-44
1.000000000000000000e+02 2.988327740279301755e-45 1.165847646519669303e-44
1.110336318167637870e+02 3.162407914683977140e-45 1.233762205856609856e-44
1.232846739442065882e+02 3.358001359289566551e-45 1.310069818972294526e-44
1.368874509537080542e+02 3.577580033505122841e-45 1.395734880775786424e-44
1.519911082952934578e+02 3.823809298337758799e-45 1.491797238675849672e-44
1.687612475788148743e+02 4.099587592910896744e-45 1.599387671731646517e-44
1.873817422860385022e+02 4.408092960226969889e-45 1.725703420854092117e-44
2.080567538217171659e+02 4.752827831503569661e-45 1.860812067516210830e-44
2.310129700083160458e+02 5.137661689358604533e-45 2.011632185710329742e-44
2.565020905680045757e+02 5.566881699897557951e-45 2.179843810057634338e-44
2.848035868435802058e+02 6.045246892323049539e-45 2.367311902702738201e-44
3.162277660168379612e+02 6.578043392970869715e-45 2.576107993384254384e-44
3.511191734215130964e+02 7.171144063112473939e-45 2.808533531402504481e-44
3.898603702549071954e+02 7.831075139976265128e-45 3.067145997220033589e-44
4.328761281083056929e+02 8.565090031166643393e-45 3.354787817745250282e-44
4.806380863064393907e+02 9.381250544022525698e-45 3.674618193263067721e-44
5.336699231206312106e+02 1.028851618136976684e-44 4.030148091132310783e-44
5.925530975545680121e+02 1.129684300101067214e-44 4.425278980972326633e-44
6.579332246575681893e+02 1.241729338919463018e-44 4.864345850529171570e-44
7.305271542664456774e+02 1.366215717675048718e-44 5.352164668423424418e-44
8.111308307896872520e+02 1.504508743633596658e-44 5.894085597733869288e-44
9.006280202112785673e+02 1.658125008079127752e-44 6.496051616571848990e-44
1.000000000000000000e+03 1.828749040894425536e-44 7.164663781380646778e-44
1.110336318167637955e+03 2.018251821786821300e-44 7.907253765484501634e-44
1.232846739442065882e+03 2.228711272447769774e-44 8.731964160666565559e-44
1.368874509537082076e+03 2.462435052350519910e-44 9.647837805141536265e-44
1.519911082952934748e+03 2.721985875726744402e-44 1.066491699093029265e-43
1.687612475788148686e+03 3.010209615308600773e-44 1.179435359158492081e-43
1.873817422860385022e+03 3.330266509724444709e-44 1.304853135188921451e-43
2.080567538217171659e+03 3.685665814934909336e-44 1.444120167328138981e-43
2.310129700083160515e+03 4.080304284056313044e-44 1.598763440122146623e-43
2.565020905680045871e+03 4.518508894618445997e-44 1.770478525657628004e-43
2.848035868435802058e+03 5.005084292470758033e-44 1.961148174957836130e-43
3.162277660168379498e+03 5.545365472695163765e-44 2.172862961550857864e-43
3.511191734215134602e+03 6.145276275205053272e-44 2.407944203585845546e-43
3.898603702549071841e+03 6.811394336448448105e-44 2.668969415825184307e-43
4.328761281083061476e+03 7.551023210326150955e-44 2.958800570977663744e-43
4.806380863064388905e+03 8.372272453173043211e-44 3.280615481802118920e-43
5.336699231206313016e+03 9.284146527212428815e-44 3.637942638870344446e-43
5.925530975545674664e+03 1.029664353308173856e-43 4.034699899899592620e-43
6.579332246575682802e+03 1.142086483437066020e-43 4.475237447253952586e-43
7.305271542664449044e+03 1.266913677690927826e-43 4.964385484874819801e-43
8.111308307896872066e+03 1.405514583913991964e-43 5.507507198338299341e-43
9.006280202112795450e+03 1.559408869541427440e-43 6.110557558676051940e-43
1.000000000000000000e+04 1.730283883756638685e-43 6.780148614731282024e-43
