# Mineral: Halite; Exposure [kg Myr]: 100.0; sigma [nm]:15.0
# Columns: m [GeV], 95% upper limit [cm^2], 5-sig discovery reach [cm^2]
3.162277660168379412e-01 8.959225606434478125e-44 3.510670927039895441e-43
3.511191734215131643e-01 6.190389174865903792e-44 2.424545690239597864e-43
3.898603702549072736e-01 5.653378691296247321e-44 2.217224104436910499e-43
4.328761281083058354e-01 6.342498838786125147e-44 2.490066653750982518e-43
4.806380863064390607e-01 5.936080051013241548e-44 2.330787553621055305e-43
5.336699231206309957e-01 6.878014124595340296e-44 2.696766587432199271e-43
5.925530975545677537e-01 6.805639952455743486e-44 2.672276899870598788e-43
6.579332246575679832e-01 7.471191638943946503e-44 2.914764358525860214e-43
7.305271542664454332e-01 6.268964491006387524e-44 2.455134056549293268e-43
8.111308307896871739e-01 4.939218013822998745e-44 1.935214099062221896e-43
9.006280202112786348e-01 4.332104783345024961e-44 1.696284231002006098e-43
1.000000000000000000e+00 3.588600730933822678e-44 1.404853244158151321e-43
1.110336318167637781e+00 2.738913144583342088e-44 1.068542583396769479e-43
1.232846739442066131e+00 2.322283027787852211e-44 9.060010941925635852e-44
1.368874509537080897e+00 1.913011869481542581e-44 7.463305834020727912e-44
1.519911082952933867e+00 1.582826712541429677e-44 6.175141945750628757e-44
1.687612475788147881e+00 1.322331120328506143e-44 5.158860602119292454e-44
1.873817422860383886e+00 1.116687515686977533e-44 4.356575400059296211e-44
2.080567538217171109e+00 9.500730308331403995e-45 3.706555984769934070e-44
2.310129700083159765e+00 8.162433754883475167e-45 3.184441269522260112e-44
2.565020905680045704e+00 7.107413856999306270e-45 2.772842351371227350e-44
2.848035868435801810e+00 6.254624095591747146e-45 2.440140244131762560e-44
3.162277660168379523e+00 5.617920130964768743e-45 2.191740509161351414e-44
3.511191734215131088e+00 5.170457800594387888e-45 2.017170331420485867e-44
3.898603702549071848e+00 4.929309898707019890e-45 1.923090384937685806e-44
4.328761281083059131e+00 4.927037117578177955e-45 1.922203696207263318e-44
4.806380863064391384e+00 5.248343362287283122e-45 2.047556121296746196e-44
5.336699231206309513e+00 6.197614383263287868e-45 2.417898828623339579e-44
5.925530975545677315e+00 8.536514218764823661e-45 3.330382701095054830e-44
6.579332246575678944e+00 1.199464470081824988e-44 4.679516274872039305e-44
7.305271542664456774e+00 7.934549220625559420e-45 3.095535811007194206e-44
8.111308307896871739e+00 4.376903357747143233e-45 1.707577923898205451e-44
9.006280202112785460e+00 2.715039605469570079e-45 1.059228708946276627e-44
1.000000000000000000e+01 1.758173248410561761e-45 6.859228043178810097e-45
1.110336318167637870e+01 1.139736795320854326e-45 4.446498429762247353e-45
1.232846739442066486e+01 7.459129887825076531e-46 2.910058661769343302e-45
1.368874509537081252e+01 5.021693918983555323e-46 1.959132513504667658e-45
1.519911082952933867e+01 3.494625437586497109e-46 1.363371489332423380e-45
1.687612475788147748e+01 2.505163892732304783e-46 9.773491003416632578e-46
1.873817422860383886e+01 1.844944791852864438e-46 7.197753159897208474e-46
2.080567538217171375e+01 1.397495508774675340e-46 5.452102284384928363e-46
2.310129700083160387e+01 1.092425612416172368e-46 4.261921515724265392e-46
2.565020905680045615e+01 8.834967896048232293e-47 3.446819567294838873e-46
2.848035868435801987e+01 7.397243812074623013e-47 2.885914812085954403e-46
3.162277660168379256e+01 6.406173850716488689e-47 2.499264925458148023e-46
3.511191734215130822e+01 5.727057007066126457e-47 2.234318492973590641e-46
3.898603702549071670e+01 5.272790376779041562e-47 2.057093727873655488e-46
4.328761281083057355e+01 4.984453546626207857e-47 1.944603785653595121e-46
4.806380863064389075e+01 4.825799684615635606e-47 1.882707552137054920e-46
5.336699231206312533e+01 4.771526317902297317e-47 1.861533677532012168e-46
5.925530975545680690e+01 4.806032043109245956e-47 1.874995527108195415e-46
6.579332246575683030e+01 4.919493085977295350e-47 1.919260514517849741e-46
7.305271542664456774e+01 5.106299554145776899e-47 1.992140031156314826e-46
8.111308307896872805e+01 5.363912787573436543e-47 2.092643659943661628e-46
9.006280202112786526e+01 5.691908976437833375e-47 2.220606058344861817e-46
1.000000000000000000e+02 6.091614519670368442e-47 2.376544699410704557e-46
1.110336318167637870e+02 6.565579962911183385e-47 2.561454637194942180e-46
1.232846739442065882e+02 7.117568429061515395e-47 2.776803993121752564e-46
1.368874509537080542e+02 7.752044091056929597e-47 3.024334391926746199e-46
1.519911082952934578e+02 8.474551754271621365e-47 3.306209049581447107e-46
1.687612475788148743e+02 9.291265291571786178e-47 3.624836602546288847e-46
1.873817422860385022e+02 1.020943002031232600e-46 3.983043693987832997e-46
2.080567538217171659e+02 1.123724513434382969e-46 4.384029106531297976e-46
2.310129700083160458e+02 1.238397346905911735e-46 4.831406585314894180e-46
2.565020905680045757e+02 1.366032659665259363e-46 5.329355076665377250e-46
2.848035868435802058e+02 1.507824338867464511e-46 5.882532337866694896e-46
3.162277660168379612e+02 1.665145496804411223e-46 6.496295344033469270e-46
3.511191734215130964e+02 1.839548040918930457e-46 7.176698610590673681e-46
3.898603702549071954e+02 2.032791573769908207e-46 7.930606941804711497e-46
4.328761281083056929e+02 2.246847985045179873e-46 8.765713345777650271e-46
4.806380863064393907e+02 2.483935380802254045e-46 9.690671403882171292e-46
5.336699231206312106e+02 2.746551491993962570e-46 1.071522560871107441e-45
5.925530975545680121e+02 3.037482529982188325e-46 1.185024591242915340e-45
6.579332246575681893e+02 3.359846845248246525e-46 1.310789805415753438e-45
7.305271542664456774e+02 3.717100380925120719e-46 1.450166483604600927e-45
8.111308307896872520e+02 4.113106964977274378e-46 1.604662035682281188e-45
9.006280202112785673e+02 4.552179973118525473e-46 1.775959255291782315e-45
1.000000000000000000e+03 5.039089055831335111e-46 1.965918944283835507e-45
1.110336318167637955e+03 5.579142493947328935e-46 2.176612042412202139e-45
1.232846739442065882e+03 6.178238512083904621e-46 2.410339646439513552e-45
1.368874509537082076e+03 6.842943851042711132e-46 2.669663663885389082e-45
1.519911082952934748e+03 7.580495800148134276e-46 2.957407605910364637e-45
1.687612475788148686e+03 8.398996755690245526e-46 3.276732491139881899e-45
1.873817422860385022e+03 9.307391559986149096e-46 3.631128004866261762e-45
2.080567538217171659e+03 1.031564238618893445e-45 4.024480727523169292e-45
2.310129700083160515e+03 1.143479720533641260e-45 4.461100845995277378e-45
2.565020905680045871e+03 1.267711272939992613e-45 4.945770117856645028e-45
2.848035868435802058e+03 1.405621931085263166e-45 5.483806204265341620e-45
3.162277660168379498e+03 1.558723405750921904e-45 6.081106799885306888e-45
3.511191734215134602e+03 1.728694192166793653e-45 6.744220281880828089e-45
3.898603702549071841e+03 1.917396738275301478e-45 7.480412689117632127e-45
4.328761281083061476e+03 2.126900317192335077e-45 8.297756955362814000e-45
4.806380863064388905e+03 2.359501857249707360e-45 9.205214174320305684e-45
5.336699231206313016e+03 2.617751567024667007e-45 1.021273357153134979e-44
5.925530975545674664e+03 2.904480892069135488e-45 1.133136157302366011e-44
6.579332246575682802e+03 3.222833555956022564e-45 1.257336290692388964e-44
7.305271542664449044e+03 3.576300035330844447e-45 1.395235510228534468e-44
8.111308307896872066e+03 3.968755789966608597e-45 1.548345763745252834e-44
9.006280202112795450e+03 4.404503807694039724e-45 1.718345792221264226e-44
1.000000000000000000e+04 4.888321746105879863e-45 1.907099521351631258e-44
