# Mineral: Zabuyelite; Exposure [kg Myr]: 100.0; sigma [nm]:15.0
# Columns: m [GeV], 95% upper limit [cm^2], 5-sig discovery reach [cm^2]
3.162277660168379412e-01 4.727877834351050324e-43 1.437105491088068680e-42
3.511191734215131643e-01 3.432557721003104143e-43 1.043374579920254092e-42
3.898603702549072736e-01 2.887362889809309792e-43 8.776548821884749554e-43
4.328761281083058354e-01 2.641772854029068442e-43 8.030043092798489876e-43
4.806380863064390607e-01 2.533960713801595911e-43 7.702332808913533734e-43
5.336699231206309957e-01 2.127393178291886165e-43 6.466513148908833761e-43
5.925530975545677537e-01 1.529098572162407687e-43 4.647911878144262208e-43
6.579332246575679832e-01 1.047483873415555194e-43 3.183975726645055775e-43
7.305271542664454332e-01 7.534997250385563332e-44 2.290369231875241110e-43
8.111308307896871739e-01 5.976213491803830379e-44 1.816554810825550639e-43
9.006280202112786348e-01 5.144875643632846395e-44 1.563857886663201220e-43
1.000000000000000000e+00 4.327857080563448968e-44 1.315513512200513981e-43
1.110336318167637781e+00 3.048331559713883636e-44 9.265835913298690067e-44
1.232846739442066131e+00 1.891953765240930952e-44 5.750861676580716979e-44
1.368874509537080897e+00 1.185218585971511613e-44 3.602639911005840930e-44
1.519911082952933867e+00 7.825689806699758762e-45 2.378729355282469265e-44
1.687612475788147881e+00 5.444992611789151756e-45 1.655082693652176721e-44
1.873817422860383886e+00 3.959185522986494463e-45 1.203450565913629466e-44
2.080567538217171109e+00 2.984419249858228782e-45 9.071565387156190062e-45
2.310129700083159765e+00 2.317133815911046023e-45 7.043256714962657890e-45
2.565020905680045704e+00 1.843839571559010262e-45 5.604611764120671385e-45
2.848035868435801810e+00 1.497575104922321828e-45 4.552091830638570956e-45
3.162277660168379523e+00 1.237247255175273573e-45 3.760788426738362396e-45
3.511191734215131088e+00 1.036887641505694188e-45 3.151766977612110727e-45
3.898603702549071848e+00 8.798218969502135233e-46 2.674343381083204394e-45
4.328761281083059131e+00 7.552507617658491674e-46 2.295691756238298170e-45
4.806380863064391384e+00 6.561296439306472744e-46 1.994399066971279284e-45
5.336699231206309513e+00 5.777456501634777681e-46 1.756139806045020033e-45
5.925530975545677315e+00 5.167856818674879844e-46 1.570843340602937925e-45
6.579332246575678944e+00 4.707396875209276106e-46 1.430880013214773943e-45
7.305271542664456774e+00 4.374779778029720560e-46 1.329776331280884848e-45
8.111308307896871739e+00 4.148527507314611793e-46 1.261003746199811666e-45
9.006280202112785460e+00 4.001243439040741174e-46 1.216234665719705899e-45
1.000000000000000000e+01 3.891783393914619988e-46 1.182962733276238499e-45
1.110336318167637870e+01 3.761459415361739572e-46 1.143348912496434741e-45
1.232846739442066486e+01 3.550977285817994900e-46 1.079369885385057475e-45
1.368874509537081252e+01 3.242171953748355896e-46 9.855041270166485427e-46
1.519911082952933867e+01 2.877125522104816425e-46 8.745430891477324712e-46
1.687612475788147748e+01 2.519541724805860075e-46 7.658504247796419321e-46
1.873817422860383886e+01 2.210851332777588020e-46 6.720196040662191875e-46
2.080567538217171375e+01 1.963477362876090733e-46 5.968267790920323391e-46
2.310129700083160387e+01 1.773501540573237774e-46 5.390809347680165012e-46
2.565020905680045615e+01 1.631675230305471671e-46 4.959708172041298727e-46
2.848035868435801987e+01 1.528671098010661107e-46 4.646612509860442414e-46
3.162277660168379256e+01 1.456774330101180803e-46 4.428072091570676877e-46
3.511191734215130822e+01 1.410098948417740746e-46 4.286195652148865303e-46
3.898603702549071670e+01 1.384330617049904458e-46 4.207869155986392253e-46
4.328761281083057355e+01 1.376391147503140927e-46 4.183736012783999597e-46
4.806380863064389075e+01 1.384145089854061142e-46 4.207305219773921235e-46
5.336699231206312533e+01 1.406173277426011435e-46 4.274263018658572000e-46
5.925530975545680690e+01 1.441607459397701622e-46 4.381970237981678104e-46
6.579332246575683030e+01 1.490012195391943044e-46 4.529103294987879159e-46
7.305271542664456774e+01 1.551302512934587187e-46 4.715403903796133221e-46
8.111308307896872805e+01 1.625687204566966925e-46 4.941506718934669340e-46
9.006280202112786526e+01 1.713631148803800317e-46 5.208824804551074701e-46
1.000000000000000000e+02 1.815831409577715694e-46 5.519476985285745643e-46
1.110336318167637870e+02 1.933203874766489361e-46 5.876247232181268595e-46
1.232846739442065882e+02 2.066877761928240843e-46 6.282567962085679043e-46
1.368874509537080542e+02 2.218196738547862220e-46 6.742523442800281039e-46
1.519911082952934578e+02 2.388725034941977013e-46 7.260868374120854220e-46
1.687612475788148743e+02 2.580258317411054656e-46 7.843060938324905628e-46
1.873817422860385022e+02 2.794838611107443218e-46 8.495308160344547359e-46
2.080567538217171659e+02 3.034773064283880871e-46 9.224622944359900824e-46
2.310129700083160458e+02 3.302656372531982394e-46 1.003889223545089398e-45
2.565020905680045757e+02 3.601396662064816070e-46 1.094695569550390203e-45
2.848035868435802058e+02 3.934248711251937410e-46 1.195870668477705402e-45
3.162277660168379612e+02 4.304842293337971379e-46 1.308517841361126306e-45
3.511191734215130964e+02 4.717227047700500248e-46 1.433868033497962677e-45
3.898603702549071954e+02 5.175913110477781798e-46 1.573292164704025844e-45
4.328761281083056929e+02 5.685920581786231026e-46 1.728316165575637725e-45
4.806380863064393907e+02 6.252834081552961869e-46 1.900637560508329003e-45
5.336699231206312106e+02 6.882863611258279791e-46 2.092143967486254907e-45
5.925530975545680121e+02 7.582912339102167615e-46 2.304933702344486335e-45
6.579332246575681893e+02 8.360652094047244058e-46 2.541338726253585097e-45
7.305271542664456774e+02 9.224607267096244018e-46 2.803950148702295692e-45
8.111308307896872520e+02 1.018424798648055022e-45 3.095646549416970955e-45
9.006280202112785673e+02 1.125009436025475041e-45 3.419625664375944793e-45
1.000000000000000000e+03 1.243383102500315729e-45 3.779439204512756560e-45
1.110336318167637955e+03 1.374843558179280456e-45 4.179031895644784658e-45
1.232846739442065882e+03 1.520832076739525672e-45 4.622784693431570607e-45
1.368874509537082076e+03 1.682949246052488450e-45 5.115562811610868787e-45
1.519911082952934748e+03 1.862972503273596177e-45 5.662769022389631028e-45
1.687612475788148686e+03 2.062875632171598379e-45 6.270402921340486117e-45
1.873817422860385022e+03 2.284850399220904540e-45 6.945126693371575764e-45
2.080567538217171659e+03 2.531330560706192354e-45 7.694338085724317607e-45
2.310129700083160515e+03 2.805018582718079867e-45 8.526251627188110646e-45
2.565020905680045871e+03 3.108915266962451216e-45 9.449988679947616467e-45
2.848035868435802058e+03 3.446352595694011207e-45 1.047567727641444119e-44
3.162277660168379498e+03 3.821030362706068519e-45 1.161456346431348352e-44
3.511191734215134602e+03 4.237056600638779539e-45 1.287913419121737433e-44
3.898603702549071841e+03 4.698992863200265077e-45 1.428325494627688077e-44
4.328761281083061476e+03 5.211903863606641067e-45 1.584232064329621473e-44
4.806380863064388905e+03 5.781413310126798002e-45 1.757342534078674270e-44
5.336699231206313016e+03 6.413765749657220164e-45 1.949555022427972467e-44
5.925530975545674664e+03 7.115894114368735813e-45 2.162976892393465307e-44
6.579332246575682802e+03 7.895496961140076827e-45 2.399948229474717413e-44
7.305271542664449044e+03 8.761122087853636364e-45 2.663067258013366617e-44
8.111308307896872066e+03 9.722260495974648214e-45 2.955218902451096019e-44
9.006280202112795450e+03 1.078945042973504040e-44 3.279606411514448302e-44
1.000000000000000000e+04 1.197439297657635434e-44 3.639786496608223616e-44
