# Mineral: Sinjarite; Exposure [kg Myr]: 0.01; sigma [nm]:1.0
# Columns: m [GeV], 95% upper limit [cm^2], 5-sig discovery reach [cm^2]
3.162277660168379412e-01 1.429368608122424856e-43 5.587000635151432563e-43
3.511191734215131643e-01 1.166166370647361891e-43 4.556226473612424232e-43
3.898603702549072736e-01 1.034415306051868179e-43 4.038664385466653771e-43
4.328761281083058354e-01 1.046671518967235363e-43 4.084754101417389910e-43
4.806380863064390607e-01 1.089328199158911312e-43 4.264456327027526944e-43
5.336699231206309957e-01 9.820058838970756644e-44 3.849536264657606888e-43
5.925530975545677537e-01 6.688503337843846006e-44 2.610229541306504242e-43
6.579332246575679832e-01 4.148446274855565468e-44 1.621414641351346148e-43
7.305271542664454332e-01 2.656450429155426213e-44 1.047659736252740156e-43
8.111308307896871739e-01 1.818673938104122162e-44 7.153009973165073672e-44
9.006280202112786348e-01 1.293801394043159277e-44 5.082973337024271320e-44
1.000000000000000000e+00 9.456376456269278827e-45 3.716114990427056412e-44
1.110336318167637781e+00 7.025874585466409435e-45 2.764280774811964163e-44
1.232846739442066131e+00 5.274882533436349908e-45 2.078701342093794231e-44
1.368874509537080897e+00 3.997924436821515347e-45 1.577819816667089382e-44
1.519911082952933867e+00 3.102544027111271296e-45 1.213308923907942768e-44
1.687612475788147881e+00 2.431284187637499569e-45 9.509737888599061859e-45
1.873817422860383886e+00 1.954844273669642078e-45 7.646819673662076835e-45
2.080567538217171109e+00 1.620840494312708595e-45 6.340364011961812373e-45
2.310129700083159765e+00 1.376314864130541323e-45 5.437535949043851293e-45
2.565020905680045704e+00 1.223237611789743715e-45 4.831213488591826311e-45
2.848035868435801810e+00 1.127352238413219890e-45 4.451301752594104451e-45
3.162277660168379523e+00 1.078409828048951115e-45 4.257396335107791343e-45
3.511191734215131088e+00 1.073311064171625507e-45 4.237516174111324679e-45
3.898603702549071848e+00 1.116740471424181944e-45 4.410894795439794903e-45
4.328761281083059131e+00 1.239541195405087680e-45 4.849736208280412386e-45
4.806380863064391384e+00 1.469256768389577243e-45 5.751240095684439930e-45
5.336699231206309513e+00 1.959447809271148273e-45 7.676667891234285612e-45
5.925530975545677315e+00 3.106157284528570455e-45 1.217173682689289204e-44
6.579332246575678944e+00 3.490199230441415413e-45 1.367278324327316636e-44
7.305271542664456774e+00 1.765922268682514498e-45 6.933113204303396965e-45
8.111308307896871739e+00 1.000845639860908951e-45 3.927440137158988189e-45
9.006280202112785460e+00 6.572692351641872228e-46 2.578137418472478756e-45
1.000000000000000000e+01 4.736236877170105885e-46 1.857464812389482003e-45
1.110336318167637870e+01 3.640972718824384540e-46 1.427875448767383308e-45
1.232846739442066486e+01 2.943158913196067323e-46 1.154267633714126820e-45
1.368874509537081252e+01 2.480233121494650553e-46 9.727957287277331497e-46
1.519911082952933867e+01 2.164759059391187909e-46 8.491337389497716186e-46
1.687612475788147748e+01 1.944386593780784575e-46 7.627390404250221397e-46
1.873817422860383886e+01 1.784879230634106987e-46 7.001916930892634249e-46
2.080567538217171375e+01 1.662604902178262627e-46 6.522465105737287507e-46
2.310129700083160387e+01 1.561492166425152769e-46 6.126266189241792032e-46
2.565020905680045615e+01 1.471863485797418083e-46 5.775486684062338443e-46
2.848035868435801987e+01 1.389500114705929148e-46 5.453505018168194375e-46
3.162277660168379256e+01 1.314039196135306789e-46 5.158724964054715852e-46
3.511191734215130822e+01 1.247005679593353129e-46 4.896979294023417392e-46
3.898603702549071670e+01 1.190194110154792151e-46 4.675228307043465319e-46
4.328761281083057355e+01 1.144822233431865349e-46 4.498228045506137248e-46
4.806380863064389075e+01 1.111373496902465836e-46 4.367888718815035595e-46
5.336699231206312533e+01 1.089766156811320436e-46 4.283920314543412663e-46
5.925530975545680690e+01 1.079609058804886243e-46 4.244824646902237194e-46
6.579332246575683030e+01 1.080414169368358936e-46 4.248722512508302520e-46
7.305271542664456774e+01 1.091733279972464248e-46 4.293886928365550782e-46
8.111308307896872805e+01 1.113235026759821452e-46 4.379044546936417261e-46
9.006280202112786526e+01 1.144741435161143400e-46 4.503519557681819672e-46
1.000000000000000000e+02 1.186240222541340597e-46 4.667283015684568350e-46
1.110336318167637870e+02 1.237887547575622983e-46 4.870964729636790995e-46
1.232846739442065882e+02 1.300004132045510281e-46 5.115839061191740123e-46
1.368874509537080542e+02 1.373072003204028524e-46 5.403812989979159697e-46
1.519911082952934578e+02 1.457732190438450820e-46 5.737417724326842250e-46
1.687612475788148743e+02 1.554784726309838248e-46 6.119809235459672408e-46
1.873817422860385022e+02 1.665191440126442219e-46 6.555279641287615548e-46
2.080567538217171659e+02 1.790081277844989668e-46 7.047278456596484320e-46
2.310129700083160458e+02 1.930758372932318063e-46 7.601444584511310053e-46
2.565020905680045757e+02 2.088713552806126654e-46 8.223651773875634039e-46
2.848035868435802058e+02 2.265137245194494633e-46 8.920559576658572356e-46
3.162277660168379612e+02 2.462936483760940056e-46 9.699680390936916920e-46
3.511191734215130964e+02 2.683753610153369757e-46 1.056945319483729853e-45
3.898603702549071954e+02 2.929988672851588982e-46 1.153934009800972646e-45
4.328761281083056929e+02 3.204324793296345369e-46 1.261994673116053970e-45
4.806380863064393907e+02 3.509756265126565457e-46 1.382302772980116229e-45
5.336699231206312106e+02 3.849593810173272081e-46 1.516173183464363788e-45
5.925530975545680121e+02 4.227550725855533029e-46 1.665070363214909652e-45
6.579332246575681893e+02 4.647790146792809424e-46 1.830624115497646190e-45
7.305271542664456774e+02 5.114914060133071937e-46 2.014647405293654815e-45
8.111308307896872520e+02 5.634038991379082030e-46 2.219155889053394771e-45
9.006280202112785673e+02 6.210854566284948080e-46 2.446390996224885582e-45
1.000000000000000000e+03 6.851681636733122447e-46 2.698842812522094944e-45
1.110336318167637955e+03 7.563544070165267142e-46 2.979278371409862441e-45
1.232846739442065882e+03 8.354245046181904493e-46 3.290771708771647035e-45
1.368874509537082076e+03 9.232452527952609775e-46 3.636737534218424008e-45
1.519911082952934748e+03 1.020779424291122705e-45 4.020968648500500136e-45
1.687612475788148686e+03 1.129096318501837046e-45 4.447677505727846703e-45
1.873817422860385022e+03 1.249383476911817908e-45 4.921542365694832219e-45
2.080567538217171659e+03 1.382959702624392304e-45 5.447758583802560407e-45
2.310129700083160515e+03 1.531289517213196868e-45 6.032095563103269156e-45
2.565020905680045871e+03 1.695999218068382912e-45 6.680960011452999320e-45
2.848035868435802058e+03 1.878894706842303462e-45 7.401466175670052302e-45
3.162277660168379498e+03 2.081981283327583035e-45 8.201513818229068996e-45
3.511191734215134602e+03 2.307485634574882627e-45 9.089874842263247089e-45
3.898603702549071841e+03 2.557880248063320411e-45 1.007628946583218302e-44
4.328761281083061476e+03 2.835910520056566508e-45 1.117157301369533898e-44
4.806380863064388905e+03 3.144624856383144254e-45 1.238773449754756147e-44
5.336699231206313016e+03 3.487408095645302437e-45 1.373810828474933259e-44
5.925530975545674664e+03 3.868018621294752165e-45 1.523750029911392377e-44
6.579332246575682802e+03 4.290629569464765043e-45 1.690235035666827465e-44
7.305271542664449044e+03 4.759874584358871380e-45 1.875091241622761408e-44
8.111308307896872066e+03 5.280898622860912621e-45 2.080345472106153679e-44
9.006280202112795450e+03 5.859414365394612973e-45 2.308248202603050303e-44
1.000000000000000000e+04 6.501764851532149132e-45 2.561298234673370061e-44
