# Mineral: Sinjarite; Exposure [kg Myr]: 1.0; sigma [nm]:1.0
# Columns: m [GeV], 95% upper limit [cm^2], 5-sig discovery reach [cm^2]
3.162277660168379412e-01 4.625710685104698109e-44 1.820602171603977223e-43
3.511191734215131643e-01 3.856347424630305858e-44 1.520476178936604587e-43
3.898603702549072736e-01 4.213696143924049429e-44 1.647886077977805453e-43
4.328761281083058354e-01 4.732564246360336144e-44 1.852132647775981670e-43
4.806380863064390607e-01 8.515288550818945619e-44 3.324149904378009524e-43
5.336699231206309957e-01 8.252731604315907258e-44 3.221505485854085540e-43
5.925530975545677537e-01 3.691222623549508070e-44 1.444008868457577587e-43
6.579332246575679832e-01 2.370626757115366872e-44 9.276298704931898197e-44
7.305271542664454332e-01 2.027806199486119027e-44 7.931656720380102246e-44
8.111308307896871739e-01 1.849356221659743792e-44 7.267905197338193351e-44
9.006280202112786348e-01 1.165995605930272989e-44 4.585786270453205569e-44
1.000000000000000000e+00 5.732380981411583949e-45 2.261594584636966001e-44
1.110336318167637781e+00 2.960363891833659606e-45 1.165525002487497495e-44
1.232846739442066131e+00 1.662656727069541939e-45 6.529517114128629444e-45
1.368874509537080897e+00 1.002893020318986990e-45 3.931107313150487857e-45
1.519911082952933867e+00 6.435901518901790088e-46 2.519620821297586511e-45
1.687612475788147881e+00 4.375315706165361363e-46 1.706958527359075544e-45
1.873817422860383886e+00 3.143171463740436238e-46 1.226257416218703018e-45
2.080567538217171109e+00 2.378483509971893882e-46 9.279268016724976062e-46
2.310129700083159765e+00 1.891468755246042632e-46 7.379258864568125013e-46
2.565020905680045704e+00 1.576372413279129470e-46 6.149961543000752439e-46
2.848035868435801810e+00 1.373849013640589776e-46 5.359849315177688113e-46
3.162277660168379523e+00 1.250138429070920199e-46 4.877212514916142521e-46
3.511191734215131088e+00 1.187339342092578738e-46 4.632212052716369147e-46
3.898603702549071848e+00 1.178889025113180262e-46 4.599244510267841351e-46
4.328761281083059131e+00 1.229799952466360860e-46 4.797865243987269623e-46
4.806380863064391384e+00 1.363274619726672124e-46 5.318595030743810903e-46
5.336699231206309513e+00 1.644653659424402571e-46 6.416349760888983164e-46
5.925530975545677315e+00 2.264785380672553319e-46 8.835693188333041536e-46
6.579332246575678944e+00 3.606374378232406268e-46 1.406968527802147382e-45
7.305271542664456774e+00 3.027899373585329175e-46 1.186195348264567062e-45
8.111308307896871739e+00 1.541788813940330423e-46 6.037398593355594999e-46
9.006280202112785460e+00 9.229436173554272409e-47 3.600714973999492190e-46
1.000000000000000000e+01 6.263997145257460547e-47 2.443796987582687394e-46
1.110336318167637870e+01 4.609436723691912737e-47 1.798297048768580932e-46
1.232846739442066486e+01 3.594059178415894521e-47 1.402163952143000128e-46
1.368874509537081252e+01 2.932238620375502514e-47 1.143965385228913788e-46
1.519911082952933867e+01 2.483154025744230815e-47 9.687623073730114097e-47
1.687612475788147748e+01 2.168950438420507889e-47 8.461808689745703039e-47
1.873817422860383886e+01 1.942346160466076836e-47 7.577748817116838464e-47
2.080567538217171375e+01 1.772419608602678645e-47 6.914807909060251311e-47
2.310129700083160387e+01 1.638207545055503264e-47 6.391201290174471105e-47
2.565020905680045615e+01 1.525624878691873274e-47 5.951978259682241293e-47
2.848035868435801987e+01 1.426053288056752958e-47 5.563515832895929621e-47
3.162277660168379256e+01 1.335273937240560035e-47 5.209354905113122776e-47
3.511191734215130822e+01 1.252232247954506173e-47 4.903034381241825836e-47
3.898603702549071670e+01 1.177637991950717619e-47 4.613319980176297590e-47
4.328761281083057355e+01 1.112726409903861211e-47 4.361674167610736494e-47
4.806380863064389075e+01 1.058478076043072208e-47 4.151759654555445946e-47
5.336699231206312533e+01 1.015330732221857611e-47 3.985177281510659334e-47
5.925530975545680690e+01 9.832184621655253728e-48 3.861622281345103313e-47
6.579332246575683030e+01 9.617466776293318744e-48 3.779552955251502688e-47
7.305271542664456774e+01 9.503756027853069106e-48 3.736889763402475967e-47
8.111308307896872805e+01 9.485587282272644628e-48 3.731539327108727917e-47
9.006280202112786526e+01 9.558288928582937886e-48 3.761722148848776307e-47
1.000000000000000000e+02 9.718441887121425787e-48 3.826147272593856437e-47
1.110336318167637870e+02 9.964071372927478359e-48 3.924085471556161504e-47
1.232846739442065882e+02 1.029469014785165455e-47 4.055386058462726879e-47
1.368874509537080542e+02 1.071128957556833862e-47 4.220474005769869557e-47
1.519911082952934578e+02 1.121627372904085923e-47 4.420325226056547487e-47
1.687612475788148743e+02 1.181342900692955007e-47 4.656455645033880943e-47
1.873817422860385022e+02 1.250789240718020654e-47 4.930909778957717943e-47
2.080567538217171659e+02 1.330615561846304289e-47 5.246263204941832902e-47
2.310129700083160458e+02 1.421606603217171503e-47 5.605623746785341891e-47
2.565020905680045757e+02 1.524688197685145723e-47 6.012653814800016300e-47
2.848035868435802058e+02 1.640932893410947898e-47 6.471593086496272036e-47
3.162277660168379612e+02 1.771569557404996451e-47 6.987296724815622175e-47
3.511191734215130964e+02 1.917993864945798495e-47 7.565277086740578190e-47
3.898603702549071954e+02 2.081782248737345650e-47 8.211758966612342115e-47
4.328761281083056929e+02 2.264706951760940303e-47 8.933739208329954316e-47
4.806380863064393907e+02 2.468754980034144131e-47 9.739061590409760848e-47
5.336699231206312106e+02 2.696148719308041358e-47 1.063649830784055208e-46
5.925530975545680121e+02 2.949369324233149694e-47 1.163584236325294232e-46
6.579332246575681893e+02 3.231183544725166946e-47 1.274801348815641806e-46
7.305271542664456774e+02 3.544673612332231431e-47 1.398517613048119740e-46
8.111308307896872520e+02 3.893270534948647718e-47 1.536087088825683286e-46
9.006280202112785673e+02 4.280791444350861875e-47 1.689016193006724583e-46
1.000000000000000000e+03 4.711481330232023496e-47 1.858980170762746649e-46
1.110336318167637955e+03 5.190058932627846203e-47 2.047841209152167562e-46
1.232846739442065882e+03 5.721769070654865165e-47 2.257669086981927482e-46
1.368874509537082076e+03 6.312439483156007022e-47 2.490763608456943532e-46
1.519911082952934748e+03 6.968544773667861993e-47 2.749679838043823042e-46
1.687612475788148686e+03 7.697277356136888781e-47 3.037256098028522269e-46
1.873817422860385022e+03 8.506626196793029159e-47 3.356645042931195657e-46
2.080567538217171659e+03 9.405464369662210553e-47 3.711348211453784682e-46
2.310129700083160515e+03 1.040364631287697682e-46 4.105254406492908497e-46
2.565020905680045871e+03 1.151211584295883420e-46 4.542682320432786520e-46
2.848035868435802058e+03 1.274302611932601960e-46 5.028427876189497215e-46
3.162277660168379498e+03 1.410987250416478579e-46 5.567316655394259945e-46
3.511191734215134602e+03 1.562764195536602053e-46 6.166262858625801589e-46
3.898603702549071841e+03 1.731297523218015454e-46 6.831333306463579721e-46
4.328761281083061476e+03 1.918435070450109695e-46 7.569819980807832089e-46
4.806380863064388905e+03 2.126228660107039465e-46 8.389819835271627155e-46
5.336699231206313016e+03 2.356956598035708035e-46 9.300323573730703606e-46
5.925530975545674664e+03 2.613148652581745420e-46 1.031131422515347448e-45
6.579332246575682802e+03 2.897613791340901150e-46 1.143383291018304870e-45
7.305271542664449044e+03 3.213470979238182216e-46 1.268021565160112511e-45
8.111308307896872066e+03 3.564183375597563589e-46 1.406413807050229997e-45
9.006280202112795450e+03 3.953596305136003740e-46 1.560077394242784898e-45
1.000000000000000000e+04 4.385979419197131151e-46 1.730697144833417902e-45
