# Mineral: Phlogopite; Exposure [kg Myr]: 1.0; sigma [nm]:1.0
# Columns: m [GeV], 95% upper limit [cm^2], 5-sig discovery reach [cm^2]
3.162277660168379412e-01 5.131091736609739969e-44 2.007972540113034052e-43
3.511191734215131643e-01 4.742371471887126412e-44 1.856718187343387114e-43
3.898603702549072736e-01 4.640302045680618471e-44 1.817768365202283350e-43
4.328761281083058354e-01 5.685155892226607281e-44 2.226984737602833012e-43
4.806380863064390607e-01 7.701304619956779488e-44 3.009115527478255522e-43
5.336699231206309957e-01 1.066806517393429094e-43 4.179871285681436256e-43
5.925530975545677537e-01 5.970759903552600219e-44 2.335677493505723536e-43
6.579332246575679832e-01 3.856468214189932661e-44 1.509681508479087953e-43
7.305271542664454332e-01 3.224632991330808653e-44 1.259027430771461092e-43
8.111308307896871739e-01 2.268142692315774870e-44 8.848791195707282122e-44
9.006280202112786348e-01 1.032019129598396191e-44 4.064840398711235108e-44
1.000000000000000000e+00 4.818541877430136013e-45 1.895713237336195089e-44
1.110336318167637781e+00 2.616168377668785114e-45 1.026809655918132139e-44
1.232846739442066131e+00 1.578156077115937597e-45 6.184369242468509574e-45
1.368874509537080897e+00 1.036438062215928295e-45 4.057597300415842764e-45
1.519911082952933867e+00 7.263630713689432248e-46 2.833787826749996038e-45
1.687612475788147881e+00 5.363450647677849855e-46 2.092463363551678933e-45
1.873817422860383886e+00 4.136267996844861128e-46 1.613697936975781393e-45
2.080567538217171109e+00 3.310915592967211689e-46 1.291700070195554934e-45
2.310129700083159765e+00 2.741794690426598107e-46 1.069666771816405486e-45
2.565020905680045704e+00 2.343996405413432028e-46 9.144722166406019127e-46
2.848035868435801810e+00 2.067036933089253431e-46 8.064209662244430388e-46
3.162277660168379523e+00 1.880408543396975919e-46 7.336109240179744009e-46
3.511191734215131088e+00 1.766382094074729128e-46 6.891253524417755089e-46
3.898603702549071848e+00 1.716581507381909224e-46 6.696964604870743257e-46
4.328761281083059131e+00 1.730399617982503726e-46 6.750873724362254009e-46
4.806380863064391384e+00 1.816581777590470056e-46 7.087099455551761558e-46
5.336699231206309513e+00 2.000249546032169439e-46 7.803649493531404418e-46
5.925530975545677315e+00 2.340715401248659216e-46 9.131921860294467919e-46
6.579332246575678944e+00 2.979132041357753194e-46 1.162260093587878356e-45
7.305271542664456774e+00 4.227187066097434997e-46 1.655082346082465870e-45
8.111308307896871739e+00 5.685172798019693303e-46 2.232255349137301632e-45
9.006280202112785460e+00 4.156368942543357236e-46 1.632584894945593738e-45
1.000000000000000000e+01 2.520281978114476921e-46 9.877420027672681241e-46
1.110336318167637870e+01 1.688319889147863946e-46 6.609438651521038146e-46
1.232846739442066486e+01 1.230005929205338143e-46 4.798668828858961402e-46
1.368874509537081252e+01 9.471287261316126823e-47 3.695069257057156645e-46
1.519911082952933867e+01 7.569706546526092252e-47 2.953198353433329596e-46
1.687612475788147748e+01 6.212886611965716775e-47 2.423857041188127535e-46
1.873817422860383886e+01 5.205753295239080999e-47 2.038496714776319528e-46
2.080567538217171375e+01 4.439651456035932161e-47 1.739271250214820843e-46
2.310129700083160387e+01 3.848794596957719346e-47 1.508491975541584880e-46
2.565020905680045615e+01 3.390167239576548799e-47 1.329338059455100946e-46
2.848035868435801987e+01 3.033837105222844783e-47 1.190121548625095766e-46
3.162277660168379256e+01 2.758004742160990693e-47 1.082339113139406455e-46
3.511191734215130822e+01 2.546361885393746726e-47 9.996329175515297871e-47
3.898603702549071670e+01 2.386570716402025173e-47 9.371936468030519456e-47
4.328761281083057355e+01 2.269279994851979954e-47 8.913757509493223257e-47
4.806380863064389075e+01 2.187427486974802632e-47 8.594255143999375579e-47
5.336699231206312533e+01 2.135720438402770398e-47 8.392788596692074182e-47
5.925530975545680690e+01 2.110241266547314311e-47 8.294079637085095418e-47
6.579332246575683030e+01 2.108152790242857155e-47 8.287065801489089400e-47
7.305271542664456774e+01 2.127474608447479311e-47 8.364030077449120673e-47
8.111308307896872805e+01 2.166916479236485842e-47 8.519952082080067744e-47
9.006280202112786526e+01 2.225754843120874867e-47 8.752027201503561671e-47
1.000000000000000000e+02 2.303742791374028809e-47 9.059315888741383412e-47
1.110336318167637870e+02 2.401044880561156828e-47 9.442489776248896545e-47
1.232846739442065882e+02 2.518191816565531136e-47 9.903655267782355518e-47
1.368874509537080542e+02 2.656050625029750368e-47 1.044623755231309212e-46
1.519911082952934578e+02 2.815806812295057192e-47 1.107491145124927146e-46
1.687612475788148743e+02 2.998956721151830989e-47 1.179557208922595076e-46
1.873817422860385022e+02 3.207307963366296106e-47 1.261533717774962119e-46
2.080567538217171659e+02 3.442987374901924171e-47 1.354257871434442967e-46
2.310129700083160458e+02 3.708454518327106645e-47 1.458697643331309998e-46
2.565020905680045757e+02 4.006521597481980996e-47 1.575959639270433015e-46
2.848035868435802058e+02 4.340378788098022695e-47 1.707299080104925713e-46
3.162277660168379612e+02 4.713624611313506131e-47 1.854131764935236065e-46
3.511191734215130964e+02 5.130302228491489207e-47 2.018048359455331216e-46
3.898603702549071954e+02 5.594940282334803996e-47 2.200830469977289109e-46
4.328761281083056929e+02 6.112603185703893085e-47 2.404470434978739161e-46
4.806380863064393907e+02 6.688941076250417768e-47 2.631190977718071406e-46
5.336699231206312106e+02 7.330253037434879394e-47 2.883470082438645369e-46
5.925530975545680121e+02 8.043554593733430338e-47 3.164067548056368407e-46
6.579332246575681893e+02 8.836653755786474325e-47 3.476054904578529418e-46
7.305271542664456774e+02 9.718235987854364041e-47 3.822848839553155838e-46
8.111308307896872520e+02 1.069795887459587252e-46 4.208248439298415370e-46
9.006280202112785673e+02 1.178655770054538576e-46 4.636476722273871541e-46
1.000000000000000000e+03 1.299596281939643040e-46 5.112226810278139740e-46
1.110336318167637955e+03 1.433943025181556806e-46 5.640713303009657046e-46
1.232846739442065882e+03 1.583168680566767907e-46 6.227729365268330411e-46
1.368874509537082076e+03 1.748909124168569520e-46 6.879710126353042351e-46
1.519911082952934748e+03 1.932981360160531180e-46 7.603803223264637207e-46
1.687612475788148686e+03 2.137403433025237901e-46 8.407947130541593523e-46
1.873817422860385022e+03 2.364416545718641118e-46 9.300958167717542868e-46
2.080567538217171659e+03 2.616509625594377506e-46 1.029212713549892572e-45
2.310129700083160515e+03 2.896446608410250333e-46 1.139332664415410044e-45
2.565020905680045871e+03 3.207296738858665797e-46 1.261613030806843754e-45
2.848035868435802058e+03 3.552468219477216059e-46 1.397394511192255344e-45
3.162277660168379498e+03 3.935745575398361574e-46 1.548165839399704699e-45
3.511191734215134602e+03 4.361331148094539664e-46 1.715580107184067910e-45
3.898603702549071841e+03 4.833891169923583839e-46 1.901472888748246919e-45
4.328761281083061476e+03 5.358606921502602851e-46 2.107878729208721694e-45
4.806380863064388905e+03 5.941231541682518848e-46 2.337062200381695062e-45
5.336699231206313016e+03 6.588153106047480983e-46 2.591537758947819099e-45
5.925530975545674664e+03 7.306464667432756482e-46 2.874095555521540195e-45
6.579332246575682802e+03 8.104042025079315642e-46 3.187833644786161454e-45
7.305271542664449044e+03 8.989630077414599893e-46 3.536191953554655945e-45
8.111308307896872066e+03 9.972938703717581446e-46 3.922989997151359209e-45
9.006280202112795450e+03 1.106474922618371343e-45 4.352468757739606367e-45
1.000000000000000000e+04 1.227703261970928883e-45 4.829337183773265394e-45
