# Mineral: Zabuyelite; Exposure [kg Myr]: 1.0; sigma [nm]:1.0
# Columns: m [GeV], 95% upper limit [cm^2], 5-sig discovery reach [cm^2]
3.162277660168379412e-01 2.852692844158144217e-44 8.671164303233364962e-44
3.511191734215131643e-01 2.714417905243524970e-44 8.250858024271860980e-44
3.898603702549072736e-01 2.773087104185567348e-44 8.429191371518596646e-44
4.328761281083058354e-01 3.079876572964962623e-44 9.361721452959197960e-44
4.806380863064390607e-01 3.638558937138878155e-44 1.105991569878958730e-43
5.336699231206309957e-01 4.422282662459924307e-44 1.352863279125347415e-43
5.925530975545677537e-01 4.685328010408784626e-44 1.423777623958559886e-43
6.579332246575679832e-01 3.699508309359078765e-44 1.124341579080104911e-43
7.305271542664454332e-01 2.668852857127926124e-44 8.154629092905486507e-44
8.111308307896871739e-01 1.921528347583059178e-44 5.840757812161263714e-44
9.006280202112786348e-01 1.348840613433763597e-44 4.099992258861590979e-44
1.000000000000000000e+00 9.240793576918716802e-45 2.808870207033186359e-44
1.110336318167637781e+00 6.342154425715127121e-45 1.927787745339393384e-44
1.232846739442066131e+00 4.463721533392130910e-45 1.356811438679313657e-44
1.368874509537080897e+00 3.283406444106889699e-45 9.980379349094662919e-45
1.519911082952933867e+00 2.537899762392863692e-45 7.714306105514059095e-45
1.687612475788147881e+00 2.066498798114006135e-45 6.281416047849648351e-45
1.873817422860383886e+00 1.766625347826582861e-45 5.369908185043938134e-45
2.080567538217171109e+00 1.572607852411129336e-45 4.780164503422406918e-45
2.310129700083159765e+00 1.436631357745094838e-45 4.366844671586506851e-45
2.565020905680045704e+00 1.323173319404661800e-45 4.021972880013453795e-45
2.848035868435801810e+00 1.212333865637521317e-45 3.685060647466684862e-45
3.162277660168379523e+00 1.104152762451428041e-45 3.356228848364077542e-45
3.511191734215131088e+00 1.010656258757623799e-45 3.072032971136329220e-45
3.898603702549071848e+00 9.432171209716803730e-46 2.867042151529571954e-45
4.328761281083059131e+00 9.083536988652338953e-46 2.761069837728929742e-45
4.806380863064391384e+00 9.105952508128357468e-46 2.767883352640530071e-45
5.336699231206309513e+00 9.558619516769837579e-46 2.905477907014707206e-45
5.925530975545677315e+00 1.055346194419254535e-45 3.207874365914072375e-45
6.579332246575678944e+00 1.231054021014551000e-45 3.741963213541647855e-45
7.305271542664456774e+00 1.523526392521000007e-45 4.630974448200928057e-45
8.111308307896871739e+00 1.991429638314956149e-45 6.053232694686948115e-45
9.006280202112785460e+00 2.598700870651166340e-45 7.899119693351276967e-45
1.000000000000000000e+01 2.805093276873930380e-45 8.526478670663614545e-45
1.110336318167637870e+01 2.308838817750596300e-45 7.018042892138525496e-45
1.232846739442066486e+01 1.761858731176793100e-45 5.355419378011839802e-45
1.368874509537081252e+01 1.388363040565772257e-45 4.220126278907254082e-45
1.519911082952933867e+01 1.146343823691708924e-45 3.484474560092716290e-45
1.687612475788147748e+01 9.861656021029392276e-46 2.997590148390189772e-45
1.873817422860383886e+01 8.776226190483486531e-46 2.667658364126474017e-45
2.080567538217171375e+01 8.032599621651032248e-46 2.441622526731622398e-45
2.310129700083160387e+01 7.527060828224262853e-46 2.287956843851013727e-45
2.565020905680045615e+01 7.195598269792030651e-46 2.187204100336344335e-45
2.848035868435801987e+01 6.997474645218439650e-46 2.126981616007271183e-45
3.162277660168379256e+01 6.906166110595159875e-46 2.099227092500567245e-45
3.511191734215130822e+01 6.904261928683999282e-46 2.098648289414607948e-45
3.898603702549071670e+01 6.980425220103225398e-46 2.121799201547458752e-45
4.328761281083057355e+01 7.127529240852697889e-46 2.166513554030133820e-45
4.806380863064389075e+01 7.341488434615559072e-46 2.231549484102465424e-45
5.336699231206312533e+01 7.620513510895094662e-46 2.316363111552640221e-45
5.925530975545680690e+01 7.964630224371413739e-46 2.420962264880780193e-45
6.579332246575683030e+01 8.375349007984833392e-46 2.545806061591291809e-45
7.305271542664456774e+01 8.855482073226915124e-46 2.691749313233505475e-45
8.111308307896872805e+01 9.409021913080613967e-46 2.860005594647966629e-45
9.006280202112786526e+01 1.004105461097326506e-45 3.052120892993742806e-45
1.000000000000000000e+02 1.075777534183056425e-45 3.269978319513533413e-45
1.110336318167637870e+02 1.156645463195087298e-45 3.515787853744152276e-45
1.232846739442065882e+02 1.247552571058636761e-45 3.792112895267933327e-45
1.368874509537080542e+02 1.349460569908786001e-45 4.101876704453684477e-45
1.519911082952934578e+02 1.463458838843990859e-45 4.448390603503709874e-45
1.687612475788148743e+02 1.590777222416747804e-45 4.835392879280534518e-45
1.873817422860385022e+02 1.732794819239182499e-45 5.267075497519476654e-45
2.080567538217171659e+02 1.891054966456368341e-45 5.748129650259533166e-45
2.310129700083160458e+02 2.067282075394360410e-45 6.283796930182231532e-45
2.565020905680045757e+02 2.263401127883827498e-45 6.879928592451140822e-45
2.848035868435802058e+02 2.481555764747726135e-45 7.543040537234429838e-45
3.162277660168379612e+02 2.724132332544939870e-45 8.280386403191059458e-45
3.511191734215130964e+02 2.993786129151459996e-45 9.100037344635413225e-45
3.898603702549071954e+02 3.293470259339038481e-45 1.001096974215925290e-44
4.328761281083056929e+02 3.626467694921370679e-45 1.102316265399091147e-44
4.806380863064393907e+02 3.996427616943511800e-45 1.214770828323201096e-44
5.336699231206312106e+02 4.407405195812749028e-45 1.339693289520451272e-44
5.925530975545680121e+02 4.863905093648899185e-45 1.478452904901148432e-44
6.579332246575681893e+02 5.370931342053159463e-45 1.632570720808622824e-44
7.305271542664456774e+02 5.934042200840556349e-45 1.803736249108650422e-44
8.111308307896872520e+02 6.559411024945190937e-45 1.993825968548158701e-44
9.006280202112785673e+02 7.253894028316455732e-45 2.204923922552118099e-44
1.000000000000000000e+03 8.025105110742184791e-45 2.439344463897200448e-44
1.110336318167637955e+03 8.881499755267123373e-45 2.699657756521466296e-44
1.232846739442065882e+03 9.832467435606000594e-45 2.988717864067554266e-44
1.368874509537082076e+03 1.088843461803231744e-44 3.309694058766958052e-44
1.519911082952934748e+03 1.206097908087983989e-44 3.666105570473114213e-44
1.687612475788148686e+03 1.336295684845862553e-44 4.061860170024623622e-44
1.873817422860385022e+03 1.480864303764177822e-44 4.501296981561962855e-44
2.080567538217171659e+03 1.641388855642683040e-44 4.989234113276611231e-44
2.310129700083160515e+03 1.819629379777008058e-44 5.531021454114308361e-44
2.565020905680045871e+03 2.017540152046115052e-44 6.132599302651194695e-44
2.848035868435802058e+03 2.237291131880877763e-44 6.800563558195180405e-44
3.162277660168379498e+03 2.481291733825865890e-44 7.542237977817883878e-44
3.511191734215134602e+03 2.752217266000229746e-44 8.365754539804468359e-44
3.898603702549071841e+03 3.053038241069570436e-44 9.280142538507815008e-44
4.328761281083061476e+03 3.387052959583672300e-44 1.029542762602263984e-43
4.806380863064388905e+03 3.757923669519317892e-44 1.142274172424193958e-43
5.336699231206313016e+03 4.169716721266143300e-44 1.267444508162893602e-43
5.925530975545674664e+03 4.626947152113772024e-44 1.406426179408610390e-43
6.579332246575682802e+03 5.134628190494745191e-44 1.560743028011940561e-43
7.305271542664449044e+03 5.698326222133360184e-44 1.732087035823974544e-43
8.111308307896872066e+03 6.324221822264021554e-44 1.922336876304274891e-43
9.006280202112795450e+03 7.019177521489627063e-44 2.133578512914191478e-43
1.000000000000000000e+04 7.790813048728770517e-44 2.368128070277325676e-43
