# Mineral: Sylvanite; Exposure [kg Myr]: 100.0; sigma [nm]:15.0
# Columns: m [GeV], 95% upper limit [cm^2], 5-sig discovery reach [cm^2]
3.162277660168379412e-01 4.971707290725539701e-20 7.045431372333940262e-20
3.511191734215131643e-01 4.971707290725539701e-20 7.045431372333940262e-20
3.898603702549072736e-01 4.971707290725539701e-20 7.045431372333940262e-20
4.328761281083058354e-01 4.971707290725539701e-20 7.045431372333940262e-20
4.806380863064390607e-01 4.971707290725539701e-20 7.045431372333940262e-20
5.336699231206309957e-01 4.971707290725539701e-20 7.045431372333940262e-20
5.925530975545677537e-01 4.971707290725539701e-20 7.045431372333940262e-20
6.579332246575679832e-01 4.971707290725539701e-20 7.045431372333940262e-20
7.305271542664454332e-01 4.971707290725539701e-20 7.045431372333940262e-20
8.111308307896871739e-01 4.971707290725539701e-20 7.045431372333940262e-20
9.006280202112786348e-01 4.971707290725539701e-20 7.045431372333940262e-20
1.000000000000000000e+00 4.971707290725539701e-20 7.045431372333940262e-20
1.110336318167637781e+00 4.734272972258084919e-42 1.439049383913659332e-41
1.232846739442066131e+00 2.469422841354999034e-43 7.506160796594868636e-43
1.368874509537080897e+00 3.678598482897408561e-44 1.118162157420832881e-43
1.519911082952933867e+00 1.183427858997726793e-44 3.597196742512002550e-44
1.687612475788147881e+00 5.394150718841439925e-45 1.639628579545927125e-44
1.873817422860383886e+00 2.990207706958863488e-45 9.089160223096769180e-45
2.080567538217171109e+00 1.883853038203381339e-45 5.726238368374897935e-45
2.310129700083159765e+00 1.306365421214977663e-45 3.970882890744812030e-45
2.565020905680045704e+00 9.770300238077711632e-46 2.969821263084266224e-45
2.848035868435801810e+00 7.816457924471211541e-46 2.375923193806102644e-45
3.162277660168379523e+00 6.689933049055548184e-46 2.033499988082689750e-45
3.511191734215131088e+00 6.124449003516142104e-46 1.861613096026621803e-45
3.898603702549071848e+00 6.045648778794986639e-46 1.837660650634959242e-45
4.328761281083059131e+00 6.547976095963365353e-46 1.990350159780303368e-45
4.806380863064391384e+00 8.251493260205728247e-46 2.508158351250103876e-45
5.336699231206309513e+00 1.479998068196397678e-45 4.523498090025562294e-45
5.925530975545677315e+00 7.163599578860466242e-45 2.174679788372734476e-44
6.579332246575678944e+00 7.872398273012063247e-46 2.401912148642905060e-45
7.305271542664456774e+00 3.583903522248160856e-46 1.089378281716886696e-45
8.111308307896871739e+00 2.098177166722887524e-46 6.377706940024920415e-46
9.006280202112785460e+00 1.373968155703415367e-46 4.176370985720595416e-46
1.000000000000000000e+01 9.608390211219693030e-47 2.920606415152009799e-46
1.110336318167637870e+01 7.022772940759078614e-47 2.134671391570520464e-46
1.232846739442066486e+01 5.304757321104251610e-47 1.612456189045112519e-46
1.368874509537081252e+01 4.114540790774612627e-47 1.250673001905021473e-46
1.519911082952933867e+01 3.264875534811963606e-47 9.924052023314153926e-47
1.687612475788147748e+01 2.644754514881404895e-47 8.039106273645342990e-47
1.873817422860383886e+01 2.184879397061400624e-47 6.641250660219547821e-47
2.080567538217171375e+01 1.840089018333695377e-47 5.593211425906436973e-47
2.310129700083160387e+01 1.580002807118314381e-47 4.802642516578391831e-47
2.565020905680045615e+01 1.383594484455853556e-47 4.205631576611152786e-47
2.848035868435801987e+01 1.236005605092426573e-47 3.757014255292762900e-47
3.162277660168379256e+01 1.126535464228464730e-47 3.424264243431727449e-47
3.511191734215130822e+01 1.047342318202580656e-47 3.183545449508071077e-47
3.898603702549071670e+01 9.926087256083971330e-48 3.017174935675040115e-47
4.328761281083057355e+01 9.579781107035174516e-48 2.911910272366771468e-47
4.806380863064389075e+01 9.402119380904861539e-48 2.857907472141476939e-47
5.336699231206312533e+01 9.369843239737465970e-48 2.848096681480646509e-47
5.925530975545680690e+01 9.467589116704170374e-48 2.877807926449680386e-47
6.579332246575683030e+01 9.686914145013685700e-48 2.944474877999606341e-47
7.305271542664456774e+01 1.002518929123602094e-47 3.047298404149677077e-47
8.111308307896872805e+01 1.048427645829957981e-47 3.186844456689688709e-47
9.006280202112786526e+01 1.106905909338227335e-47 3.364597428618085666e-47
1.000000000000000000e+02 1.178598885701154893e-47 3.582518393612207934e-47
1.110336318167637870e+02 1.264179764655737882e-47 3.842653607310376621e-47
1.232846739442065882e+02 1.364246179633750771e-47 4.146819661250174264e-47
1.368874509537080542e+02 1.479254032699244519e-47 4.496402334384867949e-47
1.519911082952934578e+02 1.609504378764260006e-47 4.892316725797749770e-47
1.687612475788148743e+02 1.755189804194337962e-47 5.335148229048307736e-47
1.873817422860385022e+02 1.916488309722578043e-47 5.825437902598533215e-47
2.080567538217171659e+02 2.093681955633679297e-47 6.364043108669201030e-47
2.310129700083160458e+02 2.287275506558141052e-47 6.952498150911148881e-47
2.565020905680045757e+02 2.498095232894077921e-47 7.593314595333185134e-47
2.848035868435802058e+02 2.727356736572794151e-47 8.290187436331653079e-47
3.162277660168379612e+02 2.976698777477549561e-47 9.048097916885588716e-47
3.511191734215130964e+02 3.248189832545216707e-47 9.873333465876016310e-47
3.898603702549071954e+02 3.544320605278973048e-47 1.077346492968793666e-46
4.328761281083056929e+02 3.867994967418956741e-47 1.175731903813413291e-46
4.806380863064393907e+02 4.222524548462225621e-47 1.283496195853410126e-46
5.336699231206312106e+02 4.611632909264286435e-47 1.401771198196754858e-46
5.925530975545680121e+02 5.039471139612813251e-47 1.531818693431086657e-46
6.579332246575681893e+02 5.510645362852158794e-47 1.675038778044242380e-46
7.305271542664456774e+02 6.030255419161416958e-47 1.832981620755006118e-46
8.111308307896872520e+02 6.603943598083334274e-47 2.007362275456115573e-46
9.006280202112785673e+02 7.237952999139457603e-47 2.200078420750567194e-46
1.000000000000000000e+03 7.939193227192578820e-47 2.413230328988339056e-46
1.110336318167637955e+03 8.715316034108988390e-47 2.649143858621947205e-46
1.232846739442065882e+03 9.574798449862952331e-47 2.910395723084135165e-46
1.368874509537082076e+03 1.052703561953734666e-46 3.199841709910287455e-46
1.519911082952934748e+03 1.158244350138326281e-46 3.520647897269521413e-46
1.687612475788148686e+03 1.275257295558415723e-46 3.876325332861892331e-46
1.873817422860385022e+03 1.405023579315921066e-46 4.270768348269459652e-46
2.080567538217171659e+03 1.548964531551517419e-46 4.708297277945399300e-46
2.310129700083160515e+03 1.708657142170489876e-46 5.193705606264048662e-46
2.565020905680045871e+03 1.885860790647018572e-46 5.732341216550315470e-46
2.848035868435802058e+03 2.082499643521094796e-46 6.330052885776181710e-46
3.162277660168379498e+03 2.300737528707078752e-46 6.993417875635895722e-46
3.511191734215134602e+03 2.542966749312918807e-46 7.729707930563714573e-46
3.898603702549071841e+03 2.811842755877987397e-46 8.546994668916019824e-46
4.328761281083061476e+03 3.110313253955108062e-46 9.454238059593213713e-46
4.806380863064388905e+03 3.441650499758622999e-46 1.046138458924035258e-45
5.336699231206313016e+03 3.809487168001400475e-46 1.157947628762239215e-45
5.925530975545674664e+03 4.217856166614271172e-46 1.282077175010814219e-45
6.579332246575682802e+03 4.671234863971586228e-46 1.419888057259210238e-45
7.305271542664449044e+03 5.174594135204009732e-46 1.572891243471507146e-45
8.111308307896872066e+03 5.733452911913765233e-46 1.742764291145673128e-45
9.006280202112795450e+03 6.353938562840821292e-46 1.931369700873021044e-45
1.000000000000000000e+04 7.042854693650845647e-46 2.140775525044898966e-45
