# Mineral: Zabuyelite; Exposure [kg Myr]: 100.0; sigma [nm]:15.0
# Columns: m [GeV], 95% upper limit [cm^2], 5-sig discovery reach [cm^2]
3.162277660168379412e-01 1.582558297402366056e-44 4.810410291568154642e-44
3.511191734215131643e-01 1.343752444134774859e-44 4.084526046968308551e-44
3.898603702549072736e-01 5.137164400020594308e-45 1.561513944851133211e-44
4.328761281083058354e-01 4.661130402494633174e-45 1.416816662950433366e-44
4.806380863064390607e-01 4.363695097146598767e-45 1.326406985387817658e-44
5.336699231206309957e-01 4.117443157781935781e-45 1.251555217501429800e-44
5.925530975545677537e-01 1.548570592343223953e-43 4.707099843876185008e-43
6.579332246575679832e-01 1.490514486049692680e-43 4.530630078647831171e-43
7.305271542664454332e-01 1.415571742847502317e-43 4.302830986652354779e-43
8.111308307896871739e-01 1.316653777952081465e-43 4.002155809545165566e-43
9.006280202112786348e-01 1.191964497460075459e-43 3.623145065289167963e-43
1.000000000000000000e+00 1.053094299134896639e-43 3.201029410964108901e-43
1.110336318167637781e+00 9.113492170263761925e-44 2.770175139830337888e-43
1.232846739442066131e+00 7.781066240302673119e-44 2.365165389683517459e-43
1.368874509537080897e+00 6.576716829491820219e-44 1.999086313170635075e-43
1.519911082952933867e+00 5.544591687925509511e-44 1.685357244780147095e-43
1.687612475788147881e+00 4.668887016934660404e-44 1.419174395868789645e-43
1.873817422860383886e+00 3.940103629493908401e-44 1.197650353877838917e-43
2.080567538217171109e+00 3.339746915756343638e-44 1.015163419961056013e-43
2.310129700083159765e+00 2.844479682911345537e-44 8.646199235309637661e-44
2.565020905680045704e+00 2.435767043939880499e-44 7.403859229238796750e-44
2.848035868435801810e+00 2.098600607312555014e-44 6.378994047724993294e-44
3.162277660168379523e+00 1.818825719406226607e-44 5.528578614488823877e-44
3.511191734215131088e+00 1.586122039981596587e-44 4.821242792340965325e-44
3.898603702549071848e+00 1.391784797505629577e-44 4.230527194201023096e-44
4.328761281083059131e+00 1.228515845523075277e-44 3.734248069318498544e-44
4.806380863064391384e+00 1.090683576556317787e-44 3.315287348417291946e-44
5.336699231206309513e+00 9.733151652645147265e-45 2.958529423916298822e-44
5.925530975545677315e+00 8.738236720034702013e-45 2.656110926037273593e-44
6.579332246575678944e+00 7.906533374950842064e-45 2.403302903906898304e-44
7.305271542664456774e+00 7.240251362313004835e-45 2.200777040819220873e-44
8.111308307896871739e+00 6.734606254846924559e-45 2.047079042279234777e-44
9.006280202112785460e+00 6.360167133533909016e-45 1.933262963232643021e-44
1.000000000000000000e+01 6.037681231469515992e-45 1.835238801675845940e-44
1.110336318167637870e+01 5.622372507954286877e-45 1.708999827664277804e-44
1.232846739442066486e+01 4.943233519151348556e-45 1.502565904408164751e-44
1.368874509537081252e+01 4.009177159531495355e-45 1.218646232532871240e-44
1.519911082952933867e+01 3.063511112072731171e-45 9.311976314576956203e-45
1.687612475788147748e+01 2.297848643291671018e-45 6.984636698881617253e-45
1.873817422860383886e+01 1.750539483326426739e-45 5.321012919531550650e-45
2.080567538217171375e+01 1.377188909476887377e-45 4.186160923395528265e-45
2.310129700083160387e+01 1.126732313432227781e-45 3.424862594492300098e-45
2.565020905680045615e+01 9.590367696555118728e-46 2.915128216328957696e-45
2.848035868435801987e+01 8.476444311527547202e-46 2.576535412250241916e-45
3.162277660168379256e+01 7.756765510194804165e-46 2.357778838275245109e-45
3.511191734215130822e+01 7.324319194131898998e-46 2.226330650062887559e-45
3.898603702549071670e+01 7.111879834519948538e-46 2.161756695126195878e-45
4.328761281083057355e+01 7.079168639038898231e-46 2.151813663539314205e-45
4.806380863064389075e+01 7.202180635741332136e-46 2.189204903779564272e-45
5.336699231206312533e+01 7.469246026387038736e-46 2.270383215238452793e-45
5.925530975545680690e+01 7.877582181042686062e-46 2.394502778100627609e-45
6.579332246575683030e+01 8.430127182731549380e-46 2.562456664351862929e-45
7.305271542664456774e+01 9.135827294287171392e-46 2.776964217404415545e-45
8.111308307896872805e+01 1.000914809589791999e-45 3.042422455423484995e-45
9.006280202112786526e+01 1.106639296936964505e-45 3.363787022428942427e-45
1.000000000000000000e+02 1.232982712161172293e-45 3.747825743696897986e-45
1.110336318167637870e+02 1.382722966868535317e-45 4.202982475356431608e-45
1.232846739442065882e+02 1.558680364695787514e-45 4.737829930123250054e-45
1.368874509537080542e+02 1.764225078103162303e-45 5.362612224952589138e-45
1.519911082952934578e+02 2.002764017653393795e-45 6.087685147470300819e-45
1.687612475788148743e+02 2.278759435419613767e-45 6.926612345430403389e-45
1.873817422860385022e+02 2.596392226560229264e-45 7.892102242358891010e-45
2.080567538217171659e+02 2.960168833118734762e-45 8.997852807689159186e-45
2.310129700083160458e+02 3.375490355318955174e-45 1.026028145122224194e-44
2.565020905680045757e+02 3.846585419805796683e-45 1.169224168310385656e-44
2.848035868435802058e+02 4.379476081402080044e-45 1.331203839266644403e-44
3.162277660168379612e+02 4.979935914524438893e-45 1.513722117782276298e-44
3.511191734215130964e+02 5.654281452470503641e-45 1.718699003697528784e-44
3.898603702549071954e+02 6.409357339093404883e-45 1.948215023542594810e-44
4.328761281083056929e+02 7.252547947756669459e-45 2.204514762283664319e-44
4.806380863064393907e+02 8.192403074554799245e-45 2.490197051647273079e-44
5.336699231206312106e+02 9.238111400673571322e-45 2.808054921540409732e-44
5.925530975545680121e+02 1.039996143159449471e-44 3.161215709056079994e-44
6.579332246575681893e+02 1.168963904233657260e-44 3.553231501567601939e-44
7.305271542664456774e+02 1.311914228835659188e-44 3.987749278117885493e-44
8.111308307896872520e+02 1.470521408457205495e-44 4.469858285046998969e-44
9.006280202112785673e+02 1.646335802602991106e-44 5.004271059851513765e-44
1.000000000000000000e+03 1.841206315832274781e-44 5.596607610043686944e-44
1.110336318167637955e+03 2.057195810494551145e-44 6.253138298170274192e-44
1.232846739442065882e+03 2.296730359240805908e-44 6.981237515978841666e-44
1.368874509537082076e+03 2.562157579542196527e-44 7.788041179575890773e-44
1.519911082952934748e+03 2.856448999212856950e-44 8.682581669002178270e-44
1.687612475788148686e+03 3.182793369131821157e-44 9.674551644598203566e-44
1.873817422860385022e+03 3.544733481538984149e-44 1.077471992561040363e-43
2.080567538217171659e+03 3.946218005401155535e-44 1.199508905113456072e-43
2.310129700083160515e+03 4.391624061607140888e-44 1.334896390062157403e-43
2.565020905680045871e+03 4.885817276359207311e-44 1.485113423467408993e-43
2.848035868435802058e+03 5.434200083639701932e-44 1.651802151724124260e-43
3.162277660168379498e+03 6.042779036564329292e-44 1.836788351801913925e-43
3.511191734215134602e+03 6.718209654761374129e-44 2.042095063241765528e-43
3.898603702549071841e+03 7.467893344778028446e-44 2.269972048487510371e-43
4.328761281083061476e+03 8.300041253272656247e-44 2.522915201968807938e-43
4.806380863064388905e+03 9.223773156295055548e-44 2.803696608899754347e-43
5.336699231206313016e+03 1.024921285573081668e-43 3.115393542380503531e-43
5.925530975545674664e+03 1.138760014457532073e-43 3.461422496829545492e-43
6.579332246575682802e+03 1.265141392451581265e-43 3.845576611318112482e-43
7.305271542664449044e+03 1.405450868591813047e-43 4.272067154596911883e-43
8.111308307896872066e+03 1.561226667232521352e-43 4.745569777652567304e-43
9.006280202112795450e+03 1.734176601113955980e-43 5.271275619411999082e-43
1.000000000000000000e+04 1.926196840425597983e-43 5.854948357970996641e-43
