# Mineral: Sinjarite; Exposure [kg Myr]: 100.0; sigma [nm]:15.0 
# Columns: m [GeV], 95% upper limit  [cm^2] (Normal Systematics), 95% upper limit [cm^2] (10% bin to bin sys), 95% upper limit [cm^2](1% bin to bin sys)
3.162277660168379412e-01 4.336764788511202372e-43 1.244469589249578978e-42 8.910025184984264821e-43
3.511191734215131643e-01 3.102531481768617656e-43 8.606969795644108729e-43 6.161277940348769469e-43
3.898603702549072736e-01 2.397000101747810237e-43 6.370464247338804525e-43 4.559049861579800907e-43
4.328761281083058354e-01 2.171445012992984251e-43 5.028019961495573307e-43 3.594381012982798502e-43
4.806380863064390607e-01 1.559635496867225015e-43 4.115537519651087957e-43 2.945123562361432696e-43
5.336699231206309957e-01 1.532696398235314054e-43 3.522756026894954094e-43 2.518026635169480018e-43
5.925530975545677537e-01 1.372725261120582634e-43 3.119771037378676411e-43 2.228643963229477394e-43
6.579332246575679832e-01 1.184958316705080360e-43 2.810228851707009343e-43 2.006193015145145047e-43
7.305271542664454332e-01 9.701612387866563407e-44 2.585598551438337295e-43 1.844264593301077963e-43
8.111308307896871739e-01 7.649536199493354276e-44 2.411093044289972257e-43 1.718151839958123402e-43
9.006280202112786348e-01 5.971053035428289685e-44 2.273037914809018539e-43 1.618050812317630993e-43
1.000000000000000000e+00 4.595856405846683833e-44 2.150988458941013028e-43 1.529237296814403089e-43
1.110336318167637781e+00 3.571138132007100301e-44 2.047087159326442042e-43 1.453267110161574960e-43
1.232846739442066131e+00 2.800568481476216514e-44 1.952727761206261179e-43 1.383988008860217192e-43
1.368874509537080897e+00 2.203639025907458646e-44 1.864745824168927726e-43 1.319045525481857268e-43
1.519911082952933867e+00 1.751001281098848946e-44 1.780426000469836421e-43 1.256587486682946328e-43
1.687612475788147881e+00 1.398166746573531997e-44 1.698530933602371869e-43 1.195671269240838490e-43
1.873817422860383886e+00 1.120445099388238900e-44 1.617941295798100837e-43 1.135488698846795831e-43
2.080567538217171109e+00 9.003714893734091841e-45 1.538363736210153297e-43 1.075820752190977244e-43
2.310129700083159765e+00 7.247789494080909943e-45 1.459769372940687891e-43 1.016627883108058436e-43
2.565020905680045704e+00 5.846000757323008934e-45 1.382383372713986719e-43 9.580773099799697900e-44
2.848035868435801810e+00 4.720848150796365884e-45 1.306562596545344565e-43 9.003960082472813679e-44
3.162277660168379523e+00 3.824697271665256311e-45 1.232890306969466584e-43 8.440567386642867189e-44
3.511191734215131088e+00 3.103753821399298418e-45 1.161826656757311220e-43 7.893213984308656977e-44
3.898603702549071848e+00 2.528260363864569848e-45 1.094041141815192412e-43 7.367202262330484134e-44
4.328761281083059131e+00 2.067441684668832017e-45 1.029812057116802527e-43 6.864439683846600420e-44
4.806380863064391384e+00 1.699147852685954101e-45 9.696224533042874761e-44 6.388430190830963676e-44
5.336699231206309513e+00 1.404023234460703723e-45 9.137872238578589500e-44 5.940595051327197809e-44
5.925530975545677315e+00 1.171520886141960824e-45 8.626977887907082384e-44 5.522617922583482293e-44
6.579332246575678944e+00 9.977479809702652267e-46 8.156937231821810162e-44 5.116428102228195474e-44
7.305271542664456774e+00 9.005192626854439685e-46 7.491357947080511550e-44 4.520998823363161641e-44
8.111308307896871739e+00 9.411943270348457329e-46 5.007719882867322573e-44 2.963313153367897929e-44
9.006280202112785460e+00 1.375270646055190275e-45 2.096610224044079661e-44 1.205787373428084696e-44
1.000000000000000000e+01 1.358108224620047907e-45 8.969914121743238453e-45 4.440313481950316554e-45
1.110336318167637870e+01 4.433252063317378325e-46 4.468216934585336922e-45 1.846506757555564915e-45
1.232846739442066486e+01 2.145710792890397379e-46 2.539357367433952006e-45 8.956293491170142202e-46
1.368874509537081252e+01 1.283917836658435066e-46 1.600841512486752175e-45 4.963417977238386460e-46
1.519911082952933867e+01 8.707991970828546034e-47 1.095470864506635079e-45 3.062174985172504468e-46
1.687612475788147748e+01 6.425722158284413926e-47 8.000529388544956366e-46 2.058421588868904426e-46
1.873817422860383886e+01 5.011223318416968682e-47 6.138091692499308138e-46 1.482772278180432815e-46
2.080567538217171375e+01 3.997631287922014716e-47 4.852854364071470643e-46 1.128300430866508432e-46
2.310129700083160387e+01 3.136244117946414073e-47 3.856558715689751444e-46 8.925770719276119339e-47
2.565020905680045615e+01 2.358897635306113726e-47 3.009748764847072077e-46 7.185209943964926711e-47
2.848035868435801987e+01 1.714108233244404001e-47 2.285153117807291573e-46 5.740835193138658594e-47
3.162277660168379256e+01 1.240912973961305447e-47 1.706490295513809948e-46 4.478637351163189651e-47
3.511191734215130822e+01 9.183337919013648999e-48 1.278445221784147894e-46 3.418868964017295658e-47
3.898603702549071670e+01 7.037328900759943284e-48 9.766909381752202886e-47 2.595967950932012769e-47
4.328761281083057355e+01 5.605276119583261320e-48 7.678108911082086432e-47 1.995506766062630096e-47
4.806380863064389075e+01 4.636663031532186646e-48 6.231377333036404073e-47 1.571050997899995805e-47
5.336699231206312533e+01 3.971952525958093624e-48 5.219887038652213677e-47 1.273587300181002941e-47
5.925530975545680690e+01 3.511529392750663493e-48 4.504823693146629317e-47 1.064402415963148690e-47
6.579332246575683030e+01 3.192427772652663587e-48 3.994948735282885229e-47 9.161380348228612823e-48
7.305271542664456774e+01 2.974580893462905581e-48 3.630564912190740177e-47 8.103799151354354316e-48
8.111308307896872805e+01 2.831936446868278045e-48 3.372087844261690373e-47 7.348339787829632161e-48
9.006280202112786526e+01 2.747410581461270983e-48 3.193272079060375956e-47 6.813485111284177023e-48
1.000000000000000000e+02 2.709551392247826647e-48 3.076246200912524081e-47 6.444321423946663079e-48
1.110336318167637870e+02 2.710773099590564246e-48 3.008867036689886072e-47 6.203640436260711740e-48
1.232846739442065882e+02 2.746122820208550633e-48 2.982870302960431143e-47 6.066082473371935887e-48
1.368874509537080542e+02 2.812419614632828286e-48 2.992615277522298038e-47 6.014304094960612853e-48
1.519911082952934578e+02 2.907877467065895939e-48 3.034417477969430122e-47 6.036576645814191511e-48
1.687612475788148743e+02 3.031714839671676993e-48 3.105987910245123628e-47 6.125169542800658761e-48
1.873817422860385022e+02 3.183944322000877841e-48 3.206100148755426668e-47 6.275287774927547436e-48
2.080567538217171659e+02 3.365237123970354646e-48 3.334363319060923363e-47 6.484352960182045032e-48
2.310129700083160458e+02 3.576828699376551778e-48 3.491072149143756721e-47 6.751531610931206466e-48
2.565020905680045757e+02 3.820485647561635362e-48 3.677118034285512507e-47 7.077449278384017583e-48
2.848035868435802058e+02 4.098451480245933844e-48 3.893892428295181333e-47 7.463892374182976311e-48
3.162277660168379612e+02 4.413432436290156585e-48 4.143326410374472954e-47 7.913852848410175900e-48
3.511191734215130964e+02 4.768640151214105675e-48 4.427744508476611719e-47 8.431163904186244810e-48
3.898603702549071954e+02 5.167777825050228979e-48 4.749999054226561588e-47 9.020768938504956393e-48
4.328761281083056929e+02 5.615065140691000317e-48 5.113397751976297776e-47 9.688523279782464791e-48
4.806380863064393907e+02 6.115289698972909012e-48 5.521752607013337672e-47 1.044128456074884046e-47
5.336699231206312106e+02 6.673845231275146561e-48 5.979407669534472962e-47 1.128694940434622185e-47
5.925530975545680121e+02 7.296776979021353841e-48 6.491271223600878099e-47 1.223449762870692642e-47
6.579332246575681893e+02 7.990858452600318130e-48 7.062872212000492911e-47 1.329409937366333222e-47
7.305271542664456774e+02 8.763659132242161111e-48 7.700414475179502492e-47 1.447720007743796717e-47
8.111308307896872520e+02 9.623614182103767323e-48 8.410835422404719383e-47 1.579663366896913542e-47
9.006280202112785673e+02 1.058012225497245755e-47 9.201882038089493720e-47 1.726675568590659439e-47
1.000000000000000000e+03 1.164364828479543969e-47 1.008219481394153253e-46 1.890359869429799816e-47
1.110336318167637955e+03 1.282583487049233638e-47 1.106139951201167123e-46 2.072504049115629631e-47
1.232846739442065882e+03 1.413962918962105170e-47 1.215021154007242305e-46 2.275099708080913584e-47
1.368874509537082076e+03 1.559946512310202101e-47 1.336057493642805646e-46 2.500368619119981745e-47
1.519911082952934748e+03 1.722126213244316561e-47 1.470570322459011073e-46 2.750767843701304285e-47
1.687612475788148686e+03 1.902283126584106546e-47 1.620035507998241737e-46 3.029044505018971517e-47
1.873817422860385022e+03 2.102391939674336986e-47 1.786090972177325467e-46 3.338247464583125031e-47
2.080567538217171659e+03 2.324646227999778177e-47 1.970556703317308310e-46 3.681765110114929691e-47
2.310129700083160515e+03 2.571482461959505771e-47 2.175454686062172486e-46 4.063362427800244030e-47
2.565020905680045871e+03 2.845606719272340203e-47 2.403031039440822059e-46 4.487222206260974527e-47
2.848035868435802058e+03 3.150024285972827948e-47 2.655780602818857355e-46 4.957990837815945706e-47
3.162277660168379498e+03 3.488072784559070623e-47 2.936474354250046586e-46 5.480829237522105831e-47
3.511191734215134602e+03 3.863458480952407956e-47 3.248189659424530816e-46 6.061469364435430984e-47
3.898603702549071841e+03 4.280297091553847281e-47 3.594344081520057245e-46 6.706277060395606846e-47
4.328761281083061476e+03 4.743158881819242940e-47 3.978732820101808723e-46 7.422321815099952340e-47
4.806380863064388905e+03 5.257118730914471785e-47 4.405570319646226124e-46 8.217454263807539027e-47
5.336699231206313016e+03 5.827811810291191818e-47 4.879536473756219225e-46 9.100392247384340136e-47
5.925530975545674664e+03 6.461495308563821051e-47 5.405827919392978873e-46 1.008081638534884086e-46
6.579332246575682802e+03 7.165117111332509723e-47 5.990215031435308908e-46 1.116947620966078720e-46
7.305271542664449044e+03 7.946391928222002061e-47 6.639105174622325901e-46 1.237830801725120320e-46
8.111308307896872066e+03 8.813885890016375930e-47 7.359612956918886546e-46 1.372056573765276457e-46
9.006280202112795450e+03 9.777110469209954939e-47 8.159638234547154729e-46 1.521096624851852302e-46
1.000000000000000000e+04 1.084662676592034716e-46 9.047952727096380344e-46 1.686585073237382109e-46
