# Mineral: Halite; Exposure [kg Myr]: 1.0; sigma [nm]:1.0
# Columns: m [GeV], 95% upper limit [cm^2], 5-sig discovery reach [cm^2]
3.162277660168379412e-01 5.709467243896715352e-44 2.239452915096944280e-43
3.511191734215131643e-01 4.968886499224338432e-44 1.951896859514008105e-43
3.898603702549072736e-01 5.583723950099839565e-44 2.195790826494611518e-43
4.328761281083058354e-01 7.269223402515072092e-44 2.863045504842449854e-43
4.806380863064390607e-01 1.031739035780681251e-43 4.046756519938939957e-43
5.336699231206309957e-01 7.869296495538299878e-44 3.092256903826383696e-43
5.925530975545677537e-01 4.703947382031913218e-44 1.849508591369281528e-43
6.579332246575679832e-01 3.628398492622822286e-44 1.420839403805468589e-43
7.305271542664454332e-01 2.703462636975290297e-44 1.054712142275571722e-43
8.111308307896871739e-01 1.570544267841904369e-44 6.127223977940608502e-44
9.006280202112786348e-01 8.158938340177946718e-45 3.183077590112828182e-44
1.000000000000000000e+00 4.565122650445103674e-45 1.781008631134153971e-44
1.110336318167637781e+00 2.800164794625627488e-45 1.092438922170029688e-44
1.232846739442066131e+00 1.853759264818267242e-45 7.232141397919138261e-45
1.368874509537080897e+00 1.308541431342065167e-45 5.105062364950105999e-45
1.519911082952933867e+00 9.730258937901625196e-46 3.796102860431007553e-45
1.687612475788147881e+00 7.576970108018175668e-46 2.956032114254392143e-45
1.873817422860383886e+00 6.150102868155374983e-46 2.399362980856532836e-45
2.080567538217171109e+00 5.188927620625553318e-46 2.024376032430029576e-45
2.310129700083159765e+00 4.541186443924262068e-46 1.771670308010223833e-45
2.565020905680045704e+00 4.118850917141081244e-46 1.606902945546896432e-45
2.848035868435801810e+00 3.872204817697636517e-46 1.510677966377603291e-45
3.162277660168379523e+00 3.778445924338168198e-46 1.474099453355062939e-45
3.511191734215131088e+00 3.841147826609343015e-46 1.498561584536271096e-45
3.898603702549071848e+00 4.095831803586515183e-46 1.597922411383648612e-45
4.328761281083059131e+00 4.640201209839169916e-46 1.810299314546770156e-45
4.806380863064391384e+00 5.729784089159587499e-46 2.235382419864096012e-45
5.336699231206309513e+00 8.172020117791640732e-46 3.188181233678307926e-45
5.925530975545677315e+00 1.598078997382642451e-45 6.234646263655575788e-45
6.579332246575678944e+00 3.064359671021872729e-45 1.195510272315957730e-44
7.305271542664456774e+00 1.043421417873544974e-45 4.070739591107876609e-45
8.111308307896871739e+00 5.840883914311017685e-46 2.278726216441588005e-45
9.006280202112785460e+00 4.067750032746962457e-46 1.586966763513399052e-45
1.000000000000000000e+01 3.167202407103595138e-46 1.235632699386595111e-45
1.110336318167637870e+01 2.645613174815522035e-46 1.032143111977345451e-45
1.232846739442066486e+01 2.324433693559083260e-46 9.068401415949096926e-46
1.368874509537081252e+01 2.124898740847340823e-46 8.289948129578120841e-46
1.519911082952933867e+01 2.007639945717543655e-46 7.832481940400927395e-46
1.687612475788147748e+01 1.951087370144252957e-46 7.611851230294865402e-46
1.873817422860383886e+01 1.942501240962364582e-46 7.578353838544645876e-46
2.080567538217171375e+01 1.973834355192806579e-46 7.700594906655465183e-46
2.310129700083160387e+01 2.039618330623855907e-46 7.957240427497257703e-46
2.565020905680045615e+01 2.135678963795114846e-46 8.332005422636091451e-46
2.848035868435801987e+01 2.258280231372779519e-46 8.810314402401441773e-46
3.162277660168379256e+01 2.403417166367308045e-46 9.376542637028194684e-46
3.511191734215130822e+01 2.566369329478872896e-46 1.001227409746416046e-45
3.898603702549071670e+01 2.741602175802718641e-46 1.069591665355308285e-45
4.328761281083057355e+01 2.923162025499238514e-46 1.140424298810489296e-45
4.806380863064389075e+01 3.105610585283762928e-46 1.211603648106296522e-45
5.336699231206312533e+01 3.285058970252928695e-46 1.281612527811206061e-45
5.925530975545680690e+01 3.459954387379307674e-46 1.349845140886238633e-45
6.579332246575683030e+01 3.631256139114596270e-46 1.416675743638873148e-45
7.305271542664456774e+01 3.802096370029535198e-46 1.483326291521697220e-45
8.111308307896872805e+01 3.976995414061194267e-46 1.551560319575056974e-45
9.006280202112786526e+01 4.161118261478102970e-46 1.623392865061329355e-45
1.000000000000000000e+02 4.359742491870058583e-46 1.700882890142245815e-45
1.110336318167637870e+02 4.577930488149011687e-46 1.786005401482613706e-45
1.232846739442065882e+02 4.820485425274201581e-46 1.880634279964563158e-45
1.368874509537080542e+02 5.091946195263626606e-46 1.986540300763007438e-45
1.519911082952934578e+02 5.396725063915671685e-46 2.105444837885064573e-45
1.687612475788148743e+02 5.739226452714558521e-46 2.239066205005787159e-45
1.873817422860385022e+02 6.123986334711676564e-46 2.389174038512563934e-45
2.080567538217171659e+02 6.555793748546429286e-46 2.557636704231398149e-45
2.310129700083160458e+02 7.039786691977767193e-46 2.746458708734429840e-45
2.565020905680045757e+02 7.581557700051045205e-46 2.957821888950996106e-45
2.848035868435802058e+02 8.187254477751525688e-46 3.194124672366798337e-45
3.162277660168379612e+02 8.863668361574608466e-46 3.458016588872135341e-45
3.511191734215130964e+02 9.618321408858488192e-46 3.752432247253895707e-45
3.898603702549071954e+02 1.045956203062894978e-45 4.080628644800361614e-45
4.328761281083056929e+02 1.139666604312023141e-45 4.446224590914688723e-45
4.806380863064393907e+02 1.243994588425314081e-45 4.853243316154154215e-45
5.336699231206312106e+02 1.360086804275422795e-45 5.306158285298244270e-45
5.925530975545680121e+02 1.489218103699155742e-45 5.809943126217718216e-45
6.579332246575681893e+02 1.632805757932244951e-45 6.370127092991324455e-45
7.305271542664456774e+02 1.792425066373107685e-45 6.992855960968450572e-45
8.111308307896872520e+02 1.969826890218251620e-45 7.684960431406581336e-45
9.006280202112785673e+02 2.166956828105952636e-45 8.454030942137989607e-45
1.000000000000000000e+03 2.385976624946414086e-45 9.308501190651639530e-45
1.110336318167637955e+03 2.629287969817424389e-45 1.025774097772697006e-44
1.232846739442065882e+03 2.899558799659209181e-45 1.131215882703727492e-44
1.368874509537082076e+03 3.199752579457240231e-45 1.248331621703850985e-44
1.519911082952934748e+03 3.533160823864975783e-45 1.378405445881075421e-44
1.687612475788148686e+03 3.903439197382324970e-45 1.522863553505503756e-44
1.873817422860385022e+03 4.314647604616484659e-45 1.683289850574994476e-44
2.080567538217171659e+03 4.771294705586157664e-45 1.861443317739799234e-44
2.310129700083160515e+03 5.278387356028567586e-45 2.059277298637238814e-44
2.565020905680045871e+03 5.841485507140438365e-45 2.278960918136080724e-44
2.848035868435802058e+03 6.466763168673010286e-45 2.522902866100241443e-44
3.162277660168379498e+03 7.161076104228591483e-45 2.793777807611837657e-44
3.511191734215134602e+03 7.932037001147634508e-45 3.094555709284614189e-44
3.898603702549071841e+03 8.788098939283937841e-45 3.428534403254103137e-44
4.328761281083061476e+03 9.738648075516989161e-45 3.799375746538301901e-44
4.806380863064388905e+03 1.079410656729237245e-44 4.211145774989237977e-44
5.336699231206313016e+03 1.196604682271883672e-44 4.668359276117096861e-44
5.925530975545674664e+03 1.326731839196397142e-44 5.176029293712156800e-44
6.579332246575682802e+03 1.471218885722821692e-44 5.739722093785236560e-44
7.305271542664449044e+03 1.631650026742803601e-44 6.365618195024553660e-44
8.111308307896872066e+03 1.809784283583968138e-44 7.060580134116921315e-44
9.006280202112795450e+03 2.007574780518953259e-44 7.832227708937666789e-44
1.000000000000000000e+04 2.227190159483631098e-44 8.689021524603831161e-44
