# Mineral: Olivine; Exposure [kg Myr]: 100.0; sigma [nm]:15.0
# Columns: m [GeV], 95% upper limit [cm^2], 5-sig discovery reach [cm^2]
3.162277660168379412e-01 8.289270753127133896e-41 2.519641355764822893e-40
3.511191734215131643e-01 6.152350105511174826e-41 1.870094031509586507e-40
3.898603702549072736e-01 1.158118952660924153e-44 3.520266733860361544e-44
4.328761281083058354e-01 9.432406663682066886e-45 2.867113721100156010e-44
4.806380863064390607e-01 7.936117495119260953e-45 2.412295416622464223e-44
5.336699231206309957e-01 6.859065033785681445e-45 2.084910052490088268e-44
5.925530975545677537e-01 6.066200853844874787e-45 1.843907745196678550e-44
6.579332246575679832e-01 5.468606465112247417e-45 1.662260459124415568e-44
7.305271542664454332e-01 5.003628651270851882e-45 1.520923860989299666e-44
8.111308307896871739e-01 4.639513009559284071e-45 1.410245749915269580e-44
9.006280202112786348e-01 2.971408818137920700e-45 9.032018335557619720e-45
1.000000000000000000e+00 2.809296895389606211e-45 8.539256165055336566e-45
1.110336318167637781e+00 2.669930590638590881e-45 8.115632524919911658e-45
1.232846739442066131e+00 2.539933791694755188e-45 7.720488825925199436e-45
1.368874509537080897e+00 2.427749879865769044e-45 7.379489922506401169e-45
1.519911082952933867e+00 6.896774012988456323e-45 2.096372231288765218e-44
1.687612475788147881e+00 1.135068099846199322e-43 3.450200398995238106e-43
1.873817422860383886e+00 1.112681761176059084e-43 3.382153949075425671e-43
2.080567538217171109e+00 1.060351449607298342e-43 3.223088548613067629e-43
2.310129700083159765e+00 9.735485616033521637e-44 2.959238865174924436e-43
2.565020905680045704e+00 8.576121719637048977e-44 2.606833773491898809e-43
2.848035868435801810e+00 7.293037482228946851e-44 2.216822130274212056e-43
3.162277660168379523e+00 6.051717852874603500e-44 1.839505431737860169e-43
3.511191734215131088e+00 4.960454599379710806e-44 1.507800495873036070e-43
3.898603702549071848e+00 4.051556434372596311e-44 1.231528013897857919e-43
4.328761281083059131e+00 3.321328250533395351e-44 1.009564805559877262e-43
4.806380863064391384e+00 2.746969972900622851e-44 8.349804648561503466e-44
5.336699231206309513e+00 2.298724144437203206e-44 6.987297908726247936e-44
5.925530975545677315e+00 1.960518406056082644e-44 5.959273622198300809e-44
6.579332246575678944e+00 1.711865294678593306e-44 5.203457240606512877e-44
7.305271542664456774e+00 1.544539020376539553e-44 4.694845309359783083e-44
8.111308307896871739e+00 1.449139472813856020e-44 4.404864860513290353e-44
9.006280202112785460e+00 1.405863334082815870e-44 4.273320901928744331e-44
1.000000000000000000e+01 1.289151556915123657e-44 3.918558909933745864e-44
1.110336318167637870e+01 9.074299625933922216e-45 2.758262010379974651e-44
1.232846739442066486e+01 5.138435654415679597e-45 1.561900360646074663e-44
1.368874509537081252e+01 2.887064308868451570e-45 8.775641242787583325e-45
1.519911082952933867e+01 1.721525544050385383e-45 5.232820938028250617e-45
1.687612475788147748e+01 1.092667703654981698e-45 3.321318384007487495e-45
1.873817422860383886e+01 7.326054215368130397e-46 2.226858034363646209e-45
2.080567538217171375e+01 5.153658432945510519e-46 1.566527539981354503e-45
2.310129700083160387e+01 3.783951620908020880e-46 1.150185737226209033e-45
2.565020905680045615e+01 2.890946405182470818e-46 8.787441424867744076e-46
2.848035868435801987e+01 2.288652004673047082e-46 6.956682212066517735e-46
3.162277660168379256e+01 1.872280097636951218e-46 5.691060774920147980e-46
3.511191734215130822e+01 1.578380415153382352e-46 4.797711026207466838e-46
3.898603702549071670e+01 1.367068127455278908e-46 4.155397371698647916e-46
4.328761281083057355e+01 1.212731479868354154e-46 3.686269252287886191e-46
4.806380863064389075e+01 1.098826162701270087e-46 3.340037893314091216e-46
5.336699231206312533e+01 1.014260256680164877e-46 3.082987833731811026e-46
5.925530975545680690e+01 9.518193154488029320e-47 2.893189741106994877e-46
6.579332246575683030e+01 9.066459136589237258e-47 2.755878782495320068e-46
7.305271542664456774e+01 8.754603588702227599e-47 2.661085867788754656e-46
8.111308307896872805e+01 8.559506513828072243e-47 2.601783346145795954e-46
9.006280202112786526e+01 8.465753828513674495e-47 2.573285888387760536e-46
1.000000000000000000e+02 8.462232671090528579e-47 2.572215582672366585e-46
1.110336318167637870e+02 8.544237606167588180e-47 2.597142145207318080e-46
1.232846739442065882e+02 8.705587457757102710e-47 2.646186719925557299e-46
1.368874509537080542e+02 8.944686245063056081e-47 2.718864185839193586e-46
1.519911082952934578e+02 9.261086055319072569e-47 2.815038393513185864e-46
1.687612475788148743e+02 9.656406180901731036e-47 2.935201549820806730e-46
1.873817422860385022e+02 1.013304426791863728e-46 3.080082453285973091e-46
2.080567538217171659e+02 1.069436438388620515e-46 3.250703659919985760e-46
2.310129700083160458e+02 1.134619401630768424e-46 3.448836517161083688e-46
2.565020905680045757e+02 1.209504711646784858e-46 3.676461032845341979e-46
2.848035868435802058e+02 1.294717135853146053e-46 3.935476276103412214e-46
3.162277660168379612e+02 1.391163495538186954e-46 4.228638658793978966e-46
3.511191734215130964e+02 1.499923148504560004e-46 4.559229041970114073e-46
3.898603702549071954e+02 1.622107609526472332e-46 4.930626032358568987e-46
4.328761281083056929e+02 1.759037645785748620e-46 5.346844289043081847e-46
4.806380863064393907e+02 1.912184738364990908e-46 5.812356587374308356e-46
5.336699231206312106e+02 2.083219946706440222e-46 6.332242349419650873e-46
5.925530975545680121e+02 2.274000502850320443e-46 6.912146895250285188e-46
6.579332246575681893e+02 2.486594095174381648e-46 7.558355256809994032e-46
7.305271542664456774e+02 2.723332353801183811e-46 8.277954754392831910e-46
8.111308307896872520e+02 2.986805433472472096e-46 9.078818530521819413e-46
9.006280202112785673e+02 3.279891975204521248e-46 9.969696622647808520e-46
1.000000000000000000e+03 3.605799433523421835e-46 1.096033854349797907e-45
1.110336318167637955e+03 3.968098789071461862e-46 1.206159879496389483e-45
1.232846739442065882e+03 4.370834485101609569e-46 1.328577103566127874e-45
1.368874509537082076e+03 4.818273280648076327e-46 1.464582468453886068e-45
1.519911082952934748e+03 5.315388563818751404e-46 1.615687705978796962e-45
1.687612475788148686e+03 5.867629079729431297e-46 1.783549039461302120e-45
1.873817422860385022e+03 6.481031526648396632e-46 1.970001408917481446e-45
2.080567538217171659e+03 7.162352476059123882e-46 2.177098570032238991e-45
2.310129700083160515e+03 7.919046054560522982e-46 2.407106310256496966e-45
2.565020905680045871e+03 8.759409550771131414e-46 2.662546708089872564e-45
2.848035868435802058e+03 9.692653622922628352e-46 2.946219473674011048e-45
3.162277660168379498e+03 1.072901154689462025e-45 3.261235156281471925e-45
3.511191734215134602e+03 1.187984521042184506e-45 3.611047362757610989e-45
3.898603702549071841e+03 1.315777367813362758e-45 3.999491836686884430e-45
4.328761281083061476e+03 1.457680781964870111e-45 4.430827380510780785e-45
4.806380863064388905e+03 1.615250618876293340e-45 4.909783237216709325e-45
5.336699231206313016e+03 1.790214510062687178e-45 5.441610787707161112e-45
5.925530975545674664e+03 1.984490806559756936e-45 6.032141131904420894e-45
6.579332246575682802e+03 2.200209605299257019e-45 6.687849001399340910e-45
7.305271542664449044e+03 2.439736112617757261e-45 7.415923776148278096e-45
8.111308307896872066e+03 2.705696577574584386e-45 8.224348312469349792e-45
9.006280202112795450e+03 3.001007060784501132e-45 9.121986389987682830e-45
1.000000000000000000e+04 3.328905448917489105e-45 1.011868002424594677e-44
