# Mineral: Sylvanite; Exposure [kg Myr]: 100.0; sigma [nm]:15.0
# Columns: m [GeV], 95% upper limit [cm^2], 5-sig discovery reach [cm^2]
3.162277660168379412e-01 4.120248706707624007e-19 1.011003028179237561e-18
3.511191734215131643e-01 4.120248706707624007e-19 1.011003028179237561e-18
3.898603702549072736e-01 4.120248706707624007e-19 1.011003028179237561e-18
4.328761281083058354e-01 2.242415970165966870e-42 6.816141230669981694e-42
4.806380863064390607e-01 6.045598018182168038e-43 1.837645221227099953e-42
5.336699231206309957e-01 2.792151092947984757e-43 8.487139067910949922e-43
5.925530975545677537e-01 1.481980738985579633e-43 4.504690544685493746e-43
6.579332246575679832e-01 7.689208370186119388e-44 2.337243887866143968e-43
7.305271542664454332e-01 5.034820116072106232e-44 1.530404948892053738e-43
8.111308307896871739e-01 3.579172960278404491e-44 1.087940360344791256e-43
9.006280202112786348e-01 2.585816554247462859e-44 7.859955987135884769e-44
1.000000000000000000e+00 2.115210076368848704e-44 6.429480883512987371e-44
1.110336318167637781e+00 1.948019529684374493e-44 5.921281515600905438e-44
1.232846739442066131e+00 1.694133280474974899e-44 5.149558269708993513e-44
1.368874509537080897e+00 1.487884899052187901e-44 4.522637076193430254e-44
1.519911082952933867e+00 1.239170355211692112e-44 3.766633961921545765e-44
1.687612475788147881e+00 1.167935480772580718e-44 3.550105462666302776e-44
1.873817422860383886e+00 1.192598278245773017e-44 3.625071531833321214e-44
2.080567538217171109e+00 1.095551324135089841e-44 3.330083557244553445e-44
2.310129700083159765e+00 1.102000960307148387e-44 3.349688140702784771e-44
2.565020905680045704e+00 1.141589756326076598e-44 3.470023898388825222e-44
2.848035868435801810e+00 1.215321952093834822e-44 3.694143359847731873e-44
3.162277660168379523e+00 1.352624733457564558e-44 4.111494628118319460e-44
3.511191734215131088e+00 1.597028932400691508e-44 4.854395838031580192e-44
3.898603702549071848e+00 2.142321567501265996e-44 6.511890104188906357e-44
4.328761281083059131e+00 2.942543942824054848e-44 8.944279455098959247e-44
4.806380863064391384e+00 2.980796916742651085e-44 9.060554792142242180e-44
5.336699231206309513e+00 1.713925796620103348e-44 5.209720428358588460e-44
5.925530975545677315e+00 1.006022835637041442e-44 3.057949024718036820e-44
6.579332246575678944e+00 6.514106502320907004e-45 1.980055016650578350e-44
7.305271542664456774e+00 4.514494014148626349e-45 1.372244453966041538e-44
8.111308307896871739e+00 3.299495092011393600e-45 1.002928307515914734e-44
9.006280202112785460e+00 2.484188409431048581e-45 7.551042833958336066e-45
1.000000000000000000e+01 1.922270722273040899e-45 5.843014365271976907e-45
1.110336318167637870e+01 1.517487028975813841e-45 4.612616946553139833e-45
1.232846739442066486e+01 1.219629575034791167e-45 3.707236990433970129e-45
1.368874509537081252e+01 9.962613646508379290e-46 3.028277649849917634e-45
1.519911082952933867e+01 8.261373633690537335e-46 2.511161630836952515e-45
1.687612475788147748e+01 6.958376116287819839e-46 2.115097063870282250e-45
1.873817422860383886e+01 5.956383552518946451e-46 1.810527219666744387e-45
2.080567538217171375e+01 5.179711248691329544e-46 1.574446662657196773e-45
2.310129700083160387e+01 4.583755742858641965e-46 1.393297538275500861e-45
2.565020905680045615e+01 4.132856305216450776e-46 1.256240262163995875e-45
2.848035868435801987e+01 3.799199054213752960e-46 1.154820410730135152e-45
3.162277660168379256e+01 3.564438116392781998e-46 1.083461495661677022e-45
3.511191734215130822e+01 3.414620135121139565e-46 1.037922196404643865e-45
3.898603702549071670e+01 3.340764057223718621e-46 1.015472594529264548e-45
4.328761281083057355e+01 3.334750710591188088e-46 1.013644752573908267e-45
4.806380863064389075e+01 3.392025258789847637e-46 1.031054163434284214e-45
5.336699231206312533e+01 3.509649923941218887e-46 1.066807847877705198e-45
5.925530975545680690e+01 3.686018567243203426e-46 1.120417597246329640e-45
6.579332246575683030e+01 3.919937029395626269e-46 1.191520429892229433e-45
7.305271542664456774e+01 4.205073387446870437e-46 1.278191668071661379e-45
8.111308307896872805e+01 4.508676718180191753e-46 1.370476204389290375e-45
9.006280202112786526e+01 4.721845770785367231e-46 1.435271959855545943e-45
1.000000000000000000e+02 4.650150341370941201e-46 1.413479117716355562e-45
1.110336318167637870e+02 4.202060404971149726e-46 1.277275829335527096e-45
1.232846739442065882e+02 3.559002859188079014e-46 1.081809372183019673e-45
1.368874509537080542e+02 2.953815679726573104e-46 8.978541497318015183e-46
1.519911082952934578e+02 2.478709470844433876e-46 7.534388823419083893e-46
1.687612475788148743e+02 2.130802359790912720e-46 6.476875839367478838e-46
1.873817422860385022e+02 1.881832953406289160e-46 5.720098034262895785e-46
2.080567538217171659e+02 1.705179930457778771e-46 5.183136128326810679e-46
2.310129700083160458e+02 1.581112205723348116e-46 4.806014690908945324e-46
2.565020905680045757e+02 1.495974061078516924e-46 4.547225230908163678e-46
2.848035868435802058e+02 1.440483624153419951e-46 4.378554181439562735e-46
3.162277660168379612e+02 1.408343131068041981e-46 4.280858596406293996e-46
3.511191734215130964e+02 1.395249008099292859e-46 4.255948063811014196e-46
3.898603702549071954e+02 1.398291305377111991e-46 4.266090612399775736e-46
4.328761281083056929e+02 1.415506506502820726e-46 4.319820917797555355e-46
4.806380863064393907e+02 1.445675824387501414e-46 4.413571988737745495e-46
5.336699231206312106e+02 1.488087843306232833e-46 4.545322099886018242e-46
5.925530975545680121e+02 1.542397065596470289e-46 4.714162084175003117e-46
6.579332246575681893e+02 1.608671811640905091e-46 4.920425010731815601e-46
7.305271542664456774e+02 1.687188372500036936e-46 5.165061010752361760e-46
8.111308307896872520e+02 1.778586434245617085e-46 5.450137242373062955e-46
9.006280202112785673e+02 1.905130035538732769e-46 5.777792837748780899e-46
1.000000000000000000e+03 2.029646377856856145e-46 6.151270554559757497e-46
1.110336318167637955e+03 2.170837126560824905e-46 6.573836444718012904e-46
1.232846739442065882e+03 2.330124467699986383e-46 7.050726134863283812e-46
1.368874509537082076e+03 2.509238142133399651e-46 7.586568226019559037e-46
1.519911082952934748e+03 2.710081655859274267e-46 8.186980118034749362e-46
1.687612475788148686e+03 2.934831751407691634e-46 8.858547113792151244e-46
1.873817422860385022e+03 3.185909487524398793e-46 9.608524725717180814e-46
2.080567538217171659e+03 3.466017623917307521e-46 1.044493233692679728e-45
2.310129700083160515e+03 3.778260956613487927e-46 1.137710207205132838e-45
2.565020905680045871e+03 4.126030429768130029e-46 1.241514351422695302e-45
2.848035868435802058e+03 4.513126689681029062e-46 1.357040623223856803e-45
3.162277660168379498e+03 4.943789084411210631e-46 1.485554689821349317e-45
3.511191734215134602e+03 5.422726906671342529e-46 1.628462344634750018e-45
3.898603702549071841e+03 5.955188584853718740e-46 1.787330023411830372e-45
4.328761281083061476e+03 6.547007705993642634e-46 1.963898618978587612e-45
4.806380863064388905e+03 7.204669808505455100e-46 2.160103379639169356e-45
5.336699231206313016e+03 7.935383376713917586e-46 2.378095147125318780e-45
5.925530975545674664e+03 8.747156703341223512e-46 2.620263226297224503e-45
6.579332246575682802e+03 9.648889311005204815e-46 2.889262717864696377e-45
7.305271542664449044e+03 1.065046630091983826e-45 3.188042646164276111e-45
8.111308307896872066e+03 1.176286741763566662e-45 3.519878372196128509e-45
9.006280202112795450e+03 1.299828988864360773e-45 3.888408767833067086e-45
1.000000000000000000e+04 1.437027886129973130e-45 4.297674438220935613e-45
