# Mineral: Olivine; Exposure [kg Myr]: 1.0; sigma [nm]:1.0
# Columns: m [GeV], 95% upper limit [cm^2], 5-sig discovery reach [cm^2]
3.162277660168379412e-01 1.124456255652697438e-43 4.404721873952957173e-43
3.511191734215131643e-01 9.662984153493510713e-44 3.785863920209678464e-43
3.898603702549072736e-01 9.822593228219887159e-44 3.845806632015969796e-43
4.328761281083058354e-01 9.942292469026584409e-44 3.878824306915383020e-43
4.806380863064390607e-01 1.013164947952507951e-43 3.952698876316206842e-43
5.336699231206309957e-01 1.109342474382842085e-43 4.327919911564530605e-43
5.925530975545677537e-01 9.106106246651458228e-44 3.568321493068387989e-43
6.579332246575679832e-01 5.841061183935692019e-44 2.288335349496779701e-43
7.305271542664454332e-01 3.596114514797337707e-44 1.402965808328589860e-43
8.111308307896871739e-01 2.375338420082076573e-44 9.266997958134301316e-44
9.006280202112786348e-01 1.519583882016432584e-44 5.928410290005536135e-44
1.000000000000000000e+00 9.630163666673869138e-45 3.757052312254614831e-44
1.110336318167637781e+00 6.151518143652365119e-45 2.399915127659275282e-44
1.232846739442066131e+00 4.034773050625792525e-45 1.574101328281153734e-44
1.368874509537080897e+00 2.766971311152138195e-45 1.079489022443254595e-44
1.519911082952933867e+00 1.977591253152069002e-45 7.715251835294795473e-45
1.687612475788147881e+00 1.475568751879523952e-45 5.756692391765313543e-45
1.873817422860383886e+00 1.144668027609861051e-45 4.465736833505884429e-45
2.080567538217171109e+00 9.203750011321637954e-46 3.590693934010002932e-45
2.310129700083159765e+00 7.649853608029359909e-46 2.984466430816407516e-45
2.565020905680045704e+00 6.561957710731386334e-46 2.560041474200135157e-45
2.848035868435801810e+00 5.799202971591518045e-46 2.262465072016475669e-45
3.162277660168379523e+00 5.275651713998326845e-46 2.058210032226099388e-45
3.511191734215131088e+00 4.939078259791309360e-46 1.926901352733142640e-45
3.898603702549071848e+00 4.761781640708598539e-46 1.857731949622708348e-45
4.328761281083059131e+00 4.732812080828764793e-46 1.846429945243677733e-45
4.806380863064391384e+00 4.865710599899350893e-46 1.898278149038724494e-45
5.336699231206309513e+00 5.205690139351110307e-46 2.030915657499435675e-45
5.925530975545677315e+00 5.859853331655235534e-46 2.286126827247596350e-45
6.579332246575678944e+00 7.052680532392154147e-46 2.751489031646838400e-45
7.305271542664456774e+00 9.203100571611060163e-46 3.590440565630113869e-45
8.111308307896871739e+00 1.207025788958542485e-45 4.729736456614685296e-45
9.006280202112785460e+00 1.101427267054253368e-45 4.318396148765608783e-45
1.000000000000000000e+01 7.284727112333538117e-46 2.851825308850829583e-45
1.110336318167637870e+01 4.924812523290167650e-46 1.921335806791996462e-45
1.232846739442066486e+01 3.590724568506381385e-46 1.400863008119134806e-45
1.368874509537081252e+01 2.779721362999522135e-46 1.084463248576124360e-45
1.519911082952933867e+01 2.251944102480426900e-46 8.785595022202185366e-46
1.687612475788147748e+01 1.892290017526862123e-46 7.382462886283558797e-46
1.873817422860383886e+01 1.640123485036457147e-46 6.398676019560943872e-46
2.080567538217171375e+01 1.460423468753747631e-46 5.697605523715124686e-46
2.310129700083160387e+01 1.331614726978077365e-46 5.195079089193957770e-46
2.565020905680045615e+01 1.239598346557941305e-46 4.836092090853381356e-46
2.848035868435801987e+01 1.174742399757426502e-46 4.583067123340555458e-46
3.162277660168379256e+01 1.130302163703067785e-46 4.409690743245411632e-46
3.511191734215130822e+01 1.101550027600819215e-46 4.297518943093106821e-46
3.898603702549071670e+01 1.085252406978663122e-46 4.233936417019728230e-46
4.328761281083057355e+01 1.079319531217405899e-46 4.210790263570344452e-46
4.806380863064389075e+01 1.082487163198379026e-46 4.223148266477055706e-46
5.336699231206312533e+01 1.094121726393873567e-46 4.268538629578541022e-46
5.925530975545680690e+01 1.113990166889506261e-46 4.346052130790708637e-46
6.579332246575683030e+01 1.142141190323489520e-46 4.455878787269031434e-46
7.305271542664456774e+01 1.178810811090767830e-46 4.598939370932804100e-46
8.111308307896872805e+01 1.224372993949529364e-46 4.776692844690742790e-46
9.006280202112786526e+01 1.279313491049973663e-46 4.991034291848032912e-46
1.000000000000000000e+02 1.344223129281498823e-46 5.244268727779058760e-46
1.110336318167637870e+02 1.419798949210635531e-46 5.539115543309217769e-46
1.232846739442065882e+02 1.506851133229923563e-46 5.878735533765144442e-46
1.368874509537080542e+02 1.606313479573563870e-46 6.266771761649636322e-46
1.519911082952934578e+02 1.719255987968379737e-46 6.707398657519557720e-46
1.687612475788148743e+02 1.846895977966653892e-46 7.205365396359836528e-46
1.873817422860385022e+02 1.990614419720195415e-46 7.766059609452337779e-46
2.080567538217171659e+02 2.151969322213149757e-46 8.395559616396823387e-46
2.310129700083160458e+02 2.332714728109416968e-46 9.100708530430296409e-46
2.565020905680045757e+02 2.534819093052003740e-46 9.889185962285361764e-46
2.848035868435802058e+02 2.760487512472490401e-46 1.076959473448582265e-45
3.162277660168379612e+02 3.012184257451340681e-46 1.175154880135409448e-45
3.511191734215130964e+02 3.292661199521811429e-46 1.284578414377784924e-45
3.898603702549071954e+02 3.604986668329314885e-46 1.406427135269204908e-45
4.328761281083056929e+02 3.952579578071519493e-46 1.542034876785534591e-45
4.806380863064393907e+02 4.339246752165742513e-46 1.692886809399200321e-45
5.336699231206312106e+02 4.769223579675375600e-46 1.860635301525183475e-45
5.925530975545680121e+02 5.247221671380815298e-46 2.047118511764898954e-45
6.579332246575681893e+02 5.778479052925030735e-46 2.254379970948635721e-45
7.305271542664456774e+02 6.368818741066097928e-46 2.484691434711339176e-45
8.111308307896872520e+02 7.024711649969039189e-46 2.740577425363075540e-45
9.006280202112785673e+02 7.753347742553561593e-46 3.024842990434448934e-45
1.000000000000000000e+03 8.562715032522123531e-46 3.340604524037739388e-45
1.110336318167637955e+03 9.461686718670002843e-46 3.691323760906105626e-45
1.232846739442065882e+03 1.046011864138079115e-45 4.080845797466152729e-45
1.368874509537082076e+03 1.156895729182958939e-45 4.513441229878447393e-45
1.519911082952934748e+03 1.280035982115603349e-45 4.993852973671790574e-45
1.687612475788148686e+03 1.416782736152103353e-45 5.527348276793252987e-45
1.873817422860385022e+03 1.568635295829773890e-45 6.119776432955444681e-45
2.080567538217171659e+03 1.737258613679518072e-45 6.777632984677204497e-45
2.310129700083160515e+03 1.924501484681282977e-45 7.508130706003418984e-45
2.565020905680045871e+03 2.132416896983180305e-45 8.319278997538127637e-45
2.848035868435802058e+03 2.363284490154277410e-45 9.219971503678793381e-45
3.162277660168379498e+03 2.619635562124930228e-45 1.022008367314199558e-44
3.511191734215134602e+03 2.904280811494298975e-45 1.133058099108097892e-44
3.898603702549071841e+03 3.220341199803024232e-45 1.256363938324174219e-44
4.328761281083061476e+03 3.571282105407638643e-45 1.393277846176992364e-44
4.806380863064388905e+03 3.960951357801848841e-45 1.545300990995240928e-44
5.336699231206313016e+03 4.393621418125081603e-45 1.714100204263668498e-44
5.925530975545674664e+03 4.874036224649597639e-45 1.901526256630823031e-44
6.579332246575682802e+03 5.407463206017993569e-45 2.109634150030866075e-44
7.305271542664449044e+03 5.999751033846649552e-45 2.340705648926013229e-44
8.111308307896872066e+03 6.657393750555919851e-45 2.597274298740388285e-44
9.006280202112795450e+03 7.387601971895723523e-45 2.882153204371655257e-44
1.000000000000000000e+04 8.198381946636755835e-45 3.198465874048496447e-44
