# Mineral: Sinjarite; Exposure [kg Myr]: 100.0; sigma [nm]:15.0
# Columns: m [GeV], 95% upper limit [cm^2], 5-sig discovery reach [cm^2]
3.162277660168379412e-01 2.759000660464475890e-43 8.423060813012464965e-43
3.511191734215131643e-01 2.078435026315734336e-43 6.346532411055604470e-43
3.898603702549072736e-01 1.730850491026882474e-43 5.284907227514037262e-43
4.328761281083058354e-01 5.058086834643905348e-44 1.547629121301560216e-43
4.806380863064390607e-01 7.972003632386238646e-44 2.422939781676493856e-43
5.336699231206309957e-01 5.641651575451322817e-44 1.731824994781026771e-43
5.925530975545677537e-01 1.175565676082867823e-43 3.573298522983593032e-43
6.579332246575679832e-01 8.744395057612522810e-44 2.678711012865334575e-43
7.305271542664454332e-01 6.035983647236755154e-44 1.848015774208505058e-43
8.111308307896871739e-01 4.253435226426995239e-44 1.300339070496762292e-43
9.006280202112786348e-01 3.654787703322388903e-44 1.110924533422655783e-43
1.000000000000000000e+00 2.340821274017033387e-44 7.139804360435560950e-44
1.110336318167637781e+00 1.791507791863516863e-44 5.445541901078984973e-44
1.232846739442066131e+00 1.414897678483967525e-44 4.300782072462686225e-44
1.368874509537080897e+00 1.131120471920413378e-44 3.438201024291220632e-44
1.519911082952933867e+00 9.168374824974520348e-45 2.786857500757107601e-44
1.687612475788147881e+00 7.531795456470044354e-45 2.289396001225350975e-44
1.873817422860383886e+00 6.223912934659139276e-45 1.891846567918017962e-44
2.080567538217171109e+00 5.178813048663890356e-45 1.574173642025794452e-44
2.310129700083159765e+00 4.325910947016982275e-45 1.314921957320289319e-44
2.565020905680045704e+00 3.645406087087885433e-45 1.108072858172519877e-44
2.848035868435801810e+00 3.077002879564783131e-45 9.352986454488859846e-45
3.162277660168379523e+00 2.606545621252389449e-45 7.922964924891151019e-45
3.511191734215131088e+00 2.214560008977234715e-45 6.731469087720335885e-45
3.898603702549071848e+00 1.887025798001341095e-45 5.735882421557539670e-45
4.328761281083059131e+00 1.609964739365410026e-45 4.893716057106581347e-45
4.806380863064391384e+00 1.374908269419000468e-45 4.179228594631507420e-45
5.336699231206309513e+00 1.175837464879442969e-45 3.574124663560103297e-45
5.925530975545677315e+00 1.010432945145302499e-45 3.071354177754296876e-45
6.579332246575678944e+00 8.831749844424879503e-46 2.684535565856329240e-45
7.305271542664456774e+00 8.159865060874530704e-46 2.480306661123797623e-45
8.111308307896871739e+00 8.670352221434019449e-46 2.635476470343434238e-45
9.006280202112785460e+00 1.182352393613573398e-45 3.593927713016755655e-45
1.000000000000000000e+01 9.304433118882239123e-46 2.828214347979809225e-45
1.110336318167637870e+01 3.717184621531560790e-46 1.129890961263463608e-45
1.232846739442066486e+01 1.915893760083007141e-46 5.823630684684517174e-46
1.368874509537081252e+01 1.180060397300765051e-46 3.586960865306016127e-46
1.519911082952933867e+01 8.144156710220305550e-47 2.475531885257741891e-46
1.687612475788147748e+01 6.079777147440454791e-47 1.848034452095294688e-46
1.873817422860383886e+01 4.775215613199423484e-47 1.451494480038804926e-46
2.080567538217171375e+01 3.817089368862764341e-47 1.160258425484363082e-46
2.310129700083160387e+01 2.987719395232371926e-47 9.081596646856073754e-47
2.565020905680045615e+01 2.237370556401087535e-47 6.800804980283735519e-47
2.848035868435801987e+01 1.623056939382509109e-47 4.933511655034882925e-47
3.162277660168379256e+01 1.176753190069788525e-47 3.576908140091184137e-47
3.511191734215130822e+01 8.738221943498035730e-48 2.656106434499477940e-47
3.898603702549071670e+01 6.723754267063644178e-48 2.043780426752568257e-47
4.328761281083057355e+01 5.377755390407791788e-48 1.634644987045080637e-47
4.806380863064389075e+01 4.465771367116306475e-48 1.357434514698627743e-47
5.336699231206312533e+01 3.839103880314014613e-48 1.166950048322065992e-47
5.925530975545680690e+01 3.404670312815353889e-48 1.034897806864138980e-47
6.579332246575683030e+01 3.103829548560237257e-48 9.434529917902525739e-48
7.305271542664456774e+01 2.899030549200789525e-48 8.812014326635768627e-48
8.111308307896872805e+01 2.765943701740993824e-48 8.407477987125369761e-48
9.006280202112786526e+01 2.688306106623614070e-48 8.171487510706104254e-48
1.000000000000000000e+02 2.655542813065297760e-48 8.071898835345906199e-48
1.110336318167637870e+02 2.660488465772616228e-48 8.086931847855369159e-48
1.232846739442065882e+02 2.698502166784900189e-48 8.202479880980111987e-48
1.368874509537080542e+02 2.766631310424180312e-48 8.409568071194688234e-48
1.519911082952934578e+02 2.863250097419493059e-48 8.703254571138464520e-48
1.687612475788148743e+02 2.987676143538273635e-48 9.081465177200415686e-48
1.873817422860385022e+02 3.139996546300151107e-48 9.544464634638569579e-48
2.080567538217171659e+02 3.320935933684503502e-48 1.009445555292094878e-47
2.310129700083160458e+02 3.531761572607090534e-48 1.073528996948828504e-47
2.565020905680045757e+02 3.774248639847850347e-48 1.147236378581579792e-47
2.848035868435802058e+02 4.050658630684578513e-48 1.231255113739441208e-47
3.162277660168379612e+02 4.363696594021031500e-48 1.326407440384021444e-47
3.511191734215130964e+02 4.716568214432098830e-48 1.433667771786280656e-47
3.898603702549071954e+02 5.112945631169694154e-48 1.554152306728815269e-47
4.328761281083056929e+02 5.557030993473214713e-48 1.689138348043442676e-47
4.806380863064393907e+02 6.053585988234724533e-48 1.840073277963628116e-47
5.336699231206312106e+02 6.607970281776584602e-48 2.008586243047748887e-47
5.925530975545680121e+02 7.226170278552958419e-48 2.196496895794108655e-47
6.579332246575681893e+02 7.914932200295654334e-48 2.405855845933873622e-47
7.305271542664456774e+02 8.681752171601502740e-48 2.638941646804803105e-47
8.111308307896872520e+02 9.535013206101682128e-48 2.898302434239363912e-47
9.006280202112785673e+02 1.048403921002777220e-47 3.186772341714193787e-47
1.000000000000000000e+03 1.153920995945671151e-47 3.507506449313651421e-47
1.110336318167637955e+03 1.271206610437555632e-47 3.864012701203854140e-47
1.232846739442065882e+03 1.401547878613649535e-47 4.260203463262657927e-47
1.368874509537082076e+03 1.546371615640672148e-47 4.700415742457465138e-47
1.519911082952934748e+03 1.707264665440378160e-47 5.189472975842601404e-47
1.687612475788148686e+03 1.885990480387993761e-47 5.732735426903084500e-47
1.873817422860385022e+03 2.084508077575234944e-47 6.336157805803348030e-47
2.080567538217171659e+03 2.304993598982567466e-47 7.006354804587234518e-47
2.310129700083160515e+03 2.549864135795237322e-47 7.750673514563957805e-47
2.565020905680045871e+03 2.821804229293913424e-47 8.577273979522022419e-47
2.848035868435802058e+03 3.123795277718078591e-47 9.495218582059284093e-47
3.162277660168379498e+03 3.459148212015548428e-47 1.051457136615578862e-46
3.511191734215134602e+03 3.831539765905897687e-47 1.164650828517327283e-46
3.898603702549071841e+03 4.245052889547250134e-47 1.290344004492449928e-46
4.328761281083061476e+03 4.704221361378547477e-47 1.429914770769208156e-46
4.806380863064388905e+03 5.214079565124525717e-47 1.584893399649160196e-46
5.336699231206313016e+03 5.780217708938461692e-47 1.756979114148398832e-46
5.925530975545674664e+03 6.408843040142312831e-47 1.948058695085606388e-46
6.579332246575682802e+03 7.106847995332883835e-47 2.160227196272933696e-46
7.305271542664449044e+03 7.881885694168767648e-47 2.395810891922758708e-46
8.111308307896872066e+03 8.742453450534970429e-47 2.657392661050040702e-46
9.006280202112795450e+03 9.697987619210587321e-47 2.947840817461528183e-46
1.000000000000000000e+04 1.075896459066880042e-46 3.270339808556943604e-46
