# Mineral: Olivine; Exposure [kg Myr]: 0.01; sigma [nm]:1.0
# Columns: m [GeV], 95% upper limit [cm^2], 5-sig discovery reach [cm^2]
3.162277660168379412e-01 2.008200528123248983e-43 7.911025697366749551e-43
3.511191734215131643e-01 1.641856474965565168e-43 6.459863047651661205e-43
3.898603702549072736e-01 1.399260527730860152e-43 5.497095627506851912e-43
4.328761281083058354e-01 1.249939029465188781e-43 4.899263638048767262e-43
4.806380863064390607e-01 1.138254730883694813e-43 4.440716395506889995e-43
5.336699231206309957e-01 1.022240464612040899e-43 3.988105534012586193e-43
5.925530975545677537e-01 8.764133180378682685e-44 3.419184550746246525e-43
6.579332246575679832e-01 7.028265058760501967e-44 2.756537967103754420e-43
7.305271542664454332e-01 5.362438327848694968e-44 2.109324716310365760e-43
8.111308307896871739e-01 4.029123586075178996e-44 1.586272621728872041e-43
9.006280202112786348e-01 3.051011708391752306e-44 1.200619251718305929e-43
1.000000000000000000e+00 2.361879421124827509e-44 9.285478737737450258e-44
1.110336318167637781e+00 1.874848693688170109e-44 7.363533251999460717e-44
1.232846739442066131e+00 1.527118769838486125e-44 5.992704275809672142e-44
1.368874509537080897e+00 1.274776403149249299e-44 4.999038870935733939e-44
1.519911082952933867e+00 1.089439439975145662e-44 4.269956132537207193e-44
1.687612475788147881e+00 9.517712757162721670e-45 3.728857370005348011e-44
1.873817422860383886e+00 8.491391214648151207e-45 3.325746191830804447e-44
2.080567538217171109e+00 7.732432525540734021e-45 3.027819773359904424e-44
2.310129700083159765e+00 7.182552440933331195e-45 2.812075839380837077e-44
2.565020905680045704e+00 6.806740101343705884e-45 2.664707779254059778e-44
2.848035868435801810e+00 6.583033019561402869e-45 2.577068025950474318e-44
3.162277660168379523e+00 6.502023081113473999e-45 2.545462114383914894e-44
3.511191734215131088e+00 6.565743236273996852e-45 2.570707363132357200e-44
3.898603702549071848e+00 6.788061249014542683e-45 2.658276906664580860e-44
4.328761281083059131e+00 7.188158553804191866e-45 2.815719987350237820e-44
4.806380863064391384e+00 7.783190071810602711e-45 3.049705876056110496e-44
5.336699231206309513e+00 8.540322758732847236e-45 3.347068069477178374e-44
5.925530975545677315e+00 9.246175123117997795e-45 3.623628467383871002e-44
6.579332246575678944e+00 9.397182206374711476e-45 3.682520166097254642e-44
7.305271542664456774e+00 8.619498534135930694e-45 3.378699846246500836e-44
8.111308307896871739e+00 7.287795052250020631e-45 2.857773693925836262e-44
9.006280202112785460e+00 5.989409012026401006e-45 2.348844995011089293e-44
1.000000000000000000e+01 4.955075071451284740e-45 1.942918247325033938e-44
1.110336318167637870e+01 4.179643096506299457e-45 1.638461928399175727e-44
1.232846739442066486e+01 3.602164824381965618e-45 1.411722465106298031e-44
1.368874509537081252e+01 3.169049718154342197e-45 1.241694987663819522e-44
1.519911082952933867e+01 2.843187881279048234e-45 1.113804613244965552e-44
1.687612475788147748e+01 2.599666819799924766e-45 1.018256619965495345e-44
1.873817422860383886e+01 2.421308704209348218e-45 9.482923354309690528e-45
2.080567538217171375e+01 2.295537333681228194e-45 8.989617120843421008e-45
2.310129700083160387e+01 2.212961359605927985e-45 8.665679445093280331e-45
2.565020905680045615e+01 2.166273925807765380e-45 8.482362465126362151e-45
2.848035868435801987e+01 2.149623664640290497e-45 8.416658351852014112e-45
3.162277660168379256e+01 2.158306553512296826e-45 8.450094151716890827e-45
3.511191734215130822e+01 2.188647147839915832e-45 8.568261990061825598e-45
3.898603702549071670e+01 2.237983713651562525e-45 8.731130827257124806e-45
4.328761281083057355e+01 2.304647030787779601e-45 8.991206957277553155e-45
4.806380863064389075e+01 2.387897255748365263e-45 9.315994220516158301e-45
5.336699231206312533e+01 2.487791228914134952e-45 9.705714370508562283e-45
5.925530975545680690e+01 2.605026778754454205e-45 1.016308987195540723e-44
6.579332246575683030e+01 2.740791975293239141e-45 1.069275578754614029e-44
7.305271542664456774e+01 2.896651222354512569e-45 1.130081538531211394e-44
8.111308307896872805e+01 3.074468127713957871e-45 1.199453922902058007e-44
9.006280202112786526e+01 3.276363938618100575e-45 1.278220302108769647e-44
1.000000000000000000e+02 3.504718845036569375e-45 1.367309268700602993e-44
1.110336318167637870e+02 3.762174727275104161e-45 1.467751509471150857e-44
1.232846739442065882e+02 4.051669760543597493e-45 1.580693305869848586e-44
1.368874509537080542e+02 4.376464968074588153e-45 1.707406893270902122e-44
1.519911082952934578e+02 4.740187171483368414e-45 1.849307217360334904e-44
1.687612475788148743e+02 5.146868491066808119e-45 2.007967344537534133e-44
1.873817422860385022e+02 5.601002778099574166e-45 2.185140478061219556e-44
2.080567538217171659e+02 6.107593285967899290e-45 2.382778556169844421e-44
2.310129700083160458e+02 6.672212379482990122e-45 2.603055546702721494e-44
2.565020905680045757e+02 7.301062980706274004e-45 2.848391419193106814e-44
2.848035868435802058e+02 8.001051933185314116e-45 3.121480766736084839e-44
3.162277660168379612e+02 8.779857354352230598e-45 3.425319082435469719e-44
3.511191734215130964e+02 9.646023887197558698e-45 3.763239920300945626e-44
3.898603702549071954e+02 1.060905288543506191e-44 4.138950079528813606e-44
4.328761281083056929e+02 1.167950840381703783e-44 4.556570954906082012e-44
4.806380863064393907e+02 1.286912513519850037e-44 5.020680646707113330e-44
5.336699231206312106e+02 1.419095052281463430e-44 5.536369403495947951e-44
5.925530975545680121e+02 1.565947868103741733e-44 6.109291869139517874e-44
6.579332246575681893e+02 1.729081042305218847e-44 6.745729515012655743e-44
7.305271542664456774e+02 1.910283499796269899e-44 7.452661541784850750e-44
8.111308307896872520e+02 2.111541979321399874e-44 8.237838888746699581e-44
9.006280202112785673e+02 2.335063174107436680e-44 9.109870611961268184e-44
1.000000000000000000e+03 2.583297857120568723e-44 1.007831800504529075e-43
1.110336318167637955e+03 2.858967800208726368e-44 1.115379961984133594e-43
1.232846739442065882e+03 3.165096263474737204e-44 1.234811021576681492e-43
1.368874509537082076e+03 3.505038401795412306e-44 1.367433938592129708e-43
1.519911082952934748e+03 3.882522100901500924e-44 1.514703087243555875e-43
1.687612475788148686e+03 4.301686227565902285e-44 1.678233179338303653e-43
1.873817422860385022e+03 4.767126666183352462e-44 1.859817224703595545e-43
2.080567538217171659e+03 5.283946681199170609e-44 2.061446179272057938e-43
2.310129700083160515e+03 5.857812873067424515e-44 2.285330775392119967e-43
2.565020905680045871e+03 6.495017307961802215e-44 2.533925760727989404e-43
2.848035868435802058e+03 7.202546515025530937e-44 2.809956816418715612e-43
3.162277660168379498e+03 7.988158090828745813e-44 3.116450443065966743e-43
3.511191734215134602e+03 8.860465747171079319e-44 3.456767140756142634e-43
3.898603702549071841e+03 9.829033760760225948e-44 3.834638257072051286e-43
4.328761281083061476e+03 1.090448184049390298e-43 4.254206899363749921e-43
4.806380863064388905e+03 1.209860156571658082e-43 4.720073361247697450e-43
5.336699231206313016e+03 1.342448566943695507e-43 5.237345560359219543e-43
5.925530975545674664e+03 1.489667159377418170e-43 5.811695044183749289e-43
6.579332246575682802e+03 1.653130088353370084e-43 6.449419174877706306e-43
7.305271542664449044e+03 1.834629616757285840e-43 7.157510175680576810e-43
8.111308307896872066e+03 2.036155766842349933e-43 7.943731795960025447e-43
9.006280202112795450e+03 2.259918139516575101e-43 8.816704435626116229e-43
1.000000000000000000e+04 2.508370141155427524e-43 9.785999662115177137e-43
