# Mineral: Olivine; Exposure [kg Myr]: 100.0; sigma [nm]:15.0
# Columns: m [GeV], 95% upper limit [cm^2], 5-sig discovery reach [cm^2]
3.162277660168379412e-01 6.779107242101745437e-18 2.070238882662723104e-17
3.511191734215131643e-01 6.779107242101745437e-18 2.070238882662723104e-17
3.898603702549072736e-01 6.779107242101745437e-18 2.070238882662723104e-17
4.328761281083058354e-01 6.779107242101745437e-18 2.070238882662723104e-17
4.806380863064390607e-01 2.875971108163492159e-42 8.741921886650651038e-42
5.336699231206309957e-01 5.097172371075804540e-43 1.549357800718402908e-42
5.925530975545677537e-01 1.850923941639385556e-43 5.626145711274372500e-43
6.579332246575679832e-01 9.226631654097856759e-44 2.804565489829548855e-43
7.305271542664454332e-01 5.338831506013045614e-44 1.622813520590566863e-43
8.111308307896871739e-01 3.397096553016530006e-44 1.032595655206160423e-43
9.006280202112786348e-01 2.306047193848953770e-44 7.009557355543322496e-44
1.000000000000000000e+00 1.653329517976081555e-44 5.025529449171033220e-44
1.110336318167637781e+00 1.245138066523026042e-44 3.784773666446977233e-44
1.232846739442066131e+00 9.795242843042472244e-45 2.977402921454637486e-44
1.368874509537080897e+00 7.912476210245767015e-45 2.405109312941606401e-44
1.519911082952933867e+00 6.488124580465977708e-45 1.972157443177877740e-44
1.687612475788147881e+00 5.362430329717444720e-45 1.629986717597139726e-44
1.873817422860383886e+00 4.463829775050936249e-45 1.356844340265962432e-44
2.080567538217171109e+00 3.740936955194828101e-45 1.137110819798222510e-44
2.310129700083159765e+00 3.152425603537328676e-45 9.582244516078858764e-45
2.565020905680045704e+00 2.666307900882729168e-45 8.104620845847261560e-45
2.848035868435801810e+00 2.257605814117027058e-45 6.862312914701737989e-45
3.162277660168379523e+00 1.913039988285023294e-45 5.814956240748177147e-45
3.511191734215131088e+00 1.625286980016777471e-45 4.940290179677739265e-45
3.898603702549071848e+00 1.389365406947919717e-45 4.223173113623244476e-45
4.328761281083059131e+00 1.201073620325884115e-45 3.650833535567179351e-45
4.806380863064391384e+00 1.057010343530566353e-45 3.212932783050994002e-45
5.336699231206309513e+00 9.548484710752314676e-46 2.902397289052654557e-45
5.925530975545677315e+00 8.952905035573292556e-46 2.721362403725989949e-45
6.579332246575678944e+00 8.857563517623696377e-46 2.692381997764877576e-45
7.305271542664456774e+00 9.511963126914612738e-46 2.891296035907943470e-45
8.111308307896871739e+00 1.177548644580854389e-45 3.579326036842782822e-45
9.006280202112785460e+00 2.001914179955314254e-45 6.085101945312305874e-45
1.000000000000000000e+01 3.463980263254914760e-45 1.052925907089904226e-44
1.110336318167637870e+01 9.969568214578213248e-46 3.030391589404084733e-45
1.232846739442066486e+01 4.833258246306286570e-46 1.469137361195554102e-45
1.368874509537081252e+01 2.929489748705969723e-46 8.904599381488500220e-46
1.519911082952933867e+01 1.991366392561440887e-46 6.053040450253294044e-46
1.687612475788147748e+01 1.456452359076062177e-46 4.427093414996575379e-46
1.873817422860383886e+01 1.123069032527189629e-46 3.413727532867445380e-46
2.080567538217171375e+01 9.023221171674899737e-47 2.742735990109611485e-46
2.310129700083160387e+01 7.495196429375116717e-47 2.278271208104756456e-46
2.565020905680045615e+01 6.400762381557555813e-47 1.945602464355745259e-46
2.848035868435801987e+01 5.595636684875825407e-47 1.700873095227230589e-46
3.162277660168379256e+01 4.991426409242260688e-47 1.517214816543298186e-46
3.511191734215130822e+01 4.532090217177015596e-47 1.377593069323796751e-46
3.898603702549071670e+01 4.181328912645012559e-47 1.270974198349236834e-46
4.328761281083057355e+01 3.915127399242142010e-47 1.190058474624803769e-46
4.806380863064389075e+01 3.717243601370138348e-47 1.129908889021509211e-46
5.336699231206312533e+01 3.576429350628717392e-47 1.087106401297812544e-46
5.925530975545680690e+01 3.484731991202485761e-47 1.059233688980193556e-46
6.579332246575683030e+01 3.436455341750971633e-47 1.044559317000015890e-46
7.305271542664456774e+01 3.427529811776158281e-47 1.041846275634082222e-46
8.111308307896872805e+01 3.455122962835959395e-47 1.050233605064709535e-46
9.006280202112786526e+01 3.517392512504776413e-47 1.069161317432074401e-46
1.000000000000000000e+02 3.613323923166172382e-47 1.098321029645374607e-46
1.110336318167637870e+02 3.742619933439368934e-47 1.137622384893885175e-46
1.232846739442065882e+02 3.905623685695668890e-47 1.187169686165818721e-46
1.368874509537080542e+02 4.103266612971574512e-47 1.247246055736800096e-46
1.519911082952934578e+02 4.337032941516662609e-47 1.318302645216074443e-46
1.687612475788148743e+02 4.608947398990724914e-47 1.400954899278778054e-46
1.873817422860385022e+02 4.921555723383861868e-47 1.495976631075890036e-46
2.080567538217171659e+02 5.277943622979578912e-47 1.604305785383797225e-46
2.310129700083160458e+02 5.681745750109616339e-47 1.727047166304286482e-46
2.565020905680045757e+02 6.137172438092338344e-47 1.865480564335996920e-46
2.848035868435802058e+02 6.649044390363285009e-47 2.021071300627413727e-46
3.162277660168379612e+02 7.222836420150682147e-47 2.195483522271296334e-46
3.511191734215130964e+02 7.864730236825816781e-47 2.390596247464191326e-46
3.898603702549071954e+02 8.581676477765467327e-47 2.608522220970388101e-46
4.328761281083056929e+02 9.381466308458741957e-47 2.851629677989413989e-46
4.806380863064393907e+02 1.027281327326060168e-46 3.122567223852897626e-46
5.336699231206312106e+02 1.126544597991110752e-46 3.424292006798110130e-46
5.925530975545680121e+02 1.237021234956975902e-46 3.760101406243771338e-46
6.579332246575681893e+02 1.359919701291869601e-46 4.133668716999847040e-46
7.305271542664456774e+02 1.496585213768774963e-46 4.549082916148424645e-46
8.111308307896872520e+02 1.648514389419588595e-46 5.010893183321364812e-46
9.006280202112785673e+02 1.817371563318691528e-46 5.524158500916700039e-46
1.000000000000000000e+03 2.005006961857061068e-46 6.094502894341581265e-46
1.110336318167637955e+03 2.213476933412617073e-46 6.728176926002734150e-46
1.232846739442065882e+03 2.445066453448121980e-46 7.432126102741895202e-46
1.368874509537082076e+03 2.702314132531567856e-46 8.214066891258958552e-46
1.519911082952934748e+03 2.988040025002981192e-46 9.082571246496954160e-46
1.687612475788148686e+03 3.305376528168003686e-46 1.004716053412125709e-45
1.873817422860385022e+03 3.657802708501547972e-46 1.111840986988174447e-45
2.080567538217171659e+03 4.049182419560388091e-46 1.230806398441180730e-45
2.310129700083160515e+03 4.483806680981805900e-46 1.362916604020244263e-45
2.565020905680045871e+03 4.966440682559548114e-46 1.509620050715454084e-45
2.848035868435802058e+03 5.502376027171649075e-46 1.672525196236402776e-45
3.162277660168379498e+03 6.097488829072408960e-46 1.853418168811651283e-45
3.511191734215134602e+03 6.758303996552244323e-46 2.054282306814468797e-45
3.898603702549071841e+03 7.492066765639329194e-46 2.277319902445527508e-45
4.328761281083061476e+03 8.306822472857845140e-46 2.524976449793644411e-45
4.806380863064388905e+03 9.211504247933153344e-46 2.799967300276667168e-45
5.336699231206313016e+03 1.021603130785821525e-45 3.105307540516399987e-45
5.925530975545674664e+03 1.133141756249849732e-45 3.444345004551831457e-45
6.579332246575682802e+03 1.256989250536448036e-45 3.820797020303203878e-45
7.305271542664449044e+03 1.394503511265680540e-45 4.238791110084971840e-45
8.111308307896872066e+03 1.547192297555441870e-45 4.702910321478910085e-45
9.006280202112795450e+03 1.716729736309960493e-45 5.218243400537980980e-45
1.000000000000000000e+04 1.904974697732870452e-45 5.790440646763268853e-45
