# Mineral: Sylvanite; Exposure [kg Myr]: 1.0; sigma [nm]:1.0
# Columns: m [GeV], 95% upper limit [cm^2], 5-sig discovery reach [cm^2]
3.162277660168379412e-01 1.695656809886745768e-20 1.632982950839744774e-21
3.511191734215131643e-01 8.838802791226122969e-36 2.686679409020543984e-35
3.898603702549072736e-01 4.324783214902782601e-43 1.314579167157223161e-42
4.328761281083058354e-01 6.735974927767599233e-44 2.047495069816053100e-43
4.806380863064390607e-01 1.960145030621897392e-44 5.958138694635651565e-44
5.336699231206309957e-01 1.122740281538157413e-44 3.412728247631887774e-44
5.925530975545677537e-01 5.387084148249495045e-45 1.637480595237394759e-44
6.579332246575679832e-01 7.487483764208434732e-44 2.289576782122136053e-43
7.305271542664454332e-01 5.884571542530078275e-44 1.788698941209282794e-43
8.111308307896871739e-01 2.800066795844156596e-44 8.571191899190903622e-44
9.006280202112786348e-01 1.231456184360378752e-44 3.769500485730509739e-44
1.000000000000000000e+00 6.198304691994683623e-45 1.893963937027001993e-44
1.110336318167637781e+00 3.517430254084106288e-45 1.073323245110759676e-44
1.232846739442066131e+00 2.178916974095340848e-45 6.623127030369263263e-45
1.368874509537080897e+00 1.442190259320473682e-45 4.383741740965820035e-45
1.519911082952933867e+00 1.005481807269227854e-45 3.056304492296809333e-45
1.687612475788147881e+00 7.319485782807342235e-46 2.224861466171387138e-45
1.873817422860383886e+00 5.528399459508015917e-46 1.680435387408397231e-45
2.080567538217171109e+00 4.318983943334198582e-46 1.312816396352324035e-45
2.310129700083159765e+00 3.483100987673888792e-46 1.058737922336245761e-45
2.565020905680045704e+00 2.899139126348030135e-46 8.812344362266917931e-46
2.848035868435801810e+00 2.495361693954403766e-46 7.585005616214124435e-46
3.162277660168379523e+00 2.229253048396777215e-46 6.776130663950546062e-46
3.511191734215131088e+00 2.085081269061835468e-46 6.337900102583637167e-46
3.898603702549071848e+00 2.067341725168355633e-46 6.283978244126359730e-46
4.328761281083059131e+00 2.230370987439625646e-46 6.779528798152545929e-46
4.806380863064391384e+00 2.773882169279211329e-46 8.431608084580738197e-46
5.336699231206309513e+00 4.861218111173669980e-46 1.477636158486604418e-45
5.925530975545677315e+00 2.567830709589452484e-45 7.804071256675700084e-45
6.579332246575678944e+00 2.766999900632156580e-46 8.410688453383916511e-46
7.305271542664456774e+00 1.267445145270943374e-46 3.852579194597147582e-46
8.111308307896871739e+00 7.588927375672971213e-47 2.306762057980536902e-46
9.006280202112785460e+00 5.148732595080631661e-47 1.565030261732666757e-46
1.000000000000000000e+01 3.773281819978808045e-47 1.146942499976553379e-46
1.110336318167637870e+01 2.922061104690216375e-47 8.882018964903260272e-47
1.232846739442066486e+01 2.361896142430040981e-47 7.179318152013630450e-47
1.368874509537081252e+01 1.977586570544627938e-47 6.011154727778200362e-47
1.519911082952933867e+01 1.706181446848350120e-47 5.186180379372909586e-47
1.687612475788147748e+01 1.510714551508539492e-47 4.592031041211475833e-47
1.873817422860383886e+01 1.368173408724691629e-47 4.158757030803900055e-47
2.080567538217171375e+01 1.263550996042464187e-47 3.840742375974840854e-47
2.310129700083160387e+01 1.186376766818906728e-47 3.606160365877519658e-47
2.565020905680045615e+01 1.129334535981929416e-47 3.432772418828365455e-47
2.848035868435801987e+01 1.087558417587922283e-47 3.305787984704098832e-47
3.162277660168379256e+01 1.058165047546595517e-47 3.216442669600854822e-47
3.511191734215130822e+01 1.039889719060929552e-47 3.160892217921736889e-47
3.898603702549071670e+01 1.032474164062728184e-47 3.138351587260870106e-47
4.328761281083057355e+01 1.036145267667048144e-47 3.149510427089152948e-47
4.806380863064389075e+01 1.051206138796825852e-47 3.195290079947176178e-47
5.336699231206312533e+01 1.077909014096283485e-47 3.276457254872620649e-47
5.925530975545680690e+01 1.116435038833768432e-47 3.393562568588143994e-47
6.579332246575683030e+01 1.166983290747854864e-47 3.547211146101796148e-47
7.305271542664456774e+01 1.229830506986987463e-47 3.738244169207084965e-47
8.111308307896872805e+01 1.305390767758779411e-47 3.967920293395884912e-47
9.006280202112786526e+01 1.394237834393719995e-47 4.237983547569765179e-47
1.000000000000000000e+02 1.497123757311734752e-47 4.550719895592256372e-47
1.110336318167637870e+02 1.614983292999969740e-47 4.908970662318975129e-47
1.232846739442065882e+02 1.748932274910268502e-47 5.316127581709573655e-47
1.368874509537080542e+02 1.900278171557948939e-47 5.776164889665698408e-47
1.519911082952934578e+02 2.070528988539893772e-47 6.293666382976949684e-47
1.687612475788148743e+02 2.261411023760895677e-47 6.873879388848367928e-47
1.873817422860385022e+02 2.474887870548886157e-47 7.522772527563103194e-47
2.080567538217171659e+02 2.713181769250935974e-47 8.247100613685286715e-47
2.310129700083160458e+02 2.978796201799053578e-47 9.054473335445842619e-47
2.565020905680045757e+02 3.274542498860399062e-47 9.953436130947434000e-47
2.848035868435802058e+02 3.603562323706833471e-47 1.095353853107331750e-46
3.162277660168379612e+02 3.969362916125834982e-47 1.206544128835083096e-46
3.511191734215130964e+02 4.375850785542796578e-47 1.330101879197299920e-46
3.898603702549071954e+02 4.827370742594747703e-47 1.467347770980007605e-46
4.328761281083056929e+02 5.328756080990976040e-47 1.619750952323878497e-46
4.806380863064393907e+02 5.885387099247283642e-47 1.788946841234972056e-46
5.336699231206312106e+02 6.503241591125077575e-47 1.976752472869462544e-46
5.925530975545680121e+02 7.188971353631644403e-47 2.185189755224912846e-46
6.579332246575681893e+02 7.949975757190883156e-47 2.416507831836614648e-46
7.305271542664456774e+02 8.794484351224027931e-47 2.673208190914882247e-46
8.111308307896872520e+02 9.731651236090408483e-47 2.958073351034282481e-46
9.006280202112785673e+02 1.077164846007804124e-46 3.274195250472938983e-46
1.000000000000000000e+03 1.192579453750636531e-46 3.625014312111755750e-46
1.110336318167637955e+03 1.320665840023973967e-46 4.014351040970586647e-46
1.232846739442065882e+03 1.462821461345754382e-46 4.446453204241918246e-46
1.368874509537082076e+03 1.620598727801571866e-46 4.926039572453658738e-46
1.519911082952934748e+03 1.795722170177744837e-46 5.458352101403737993e-46
1.687612475788148686e+03 1.990107182095176482e-46 6.049212901532902182e-46
1.873817422860385022e+03 2.205881223567381724e-46 6.705088689145197986e-46
2.080567538217171659e+03 2.445406677708932458e-46 7.433160262613496738e-46
2.310129700083160515e+03 2.711306971446618813e-46 8.241401899983998108e-46
2.565020905680045871e+03 3.006495105518764483e-46 9.138668079953620375e-46
2.848035868435802058e+03 3.334205638762373335e-46 1.013479070264493518e-45
3.162277660168379498e+03 3.698030044693837263e-46 1.124068656094544115e-45
3.511191734215134602e+03 4.101956180110635920e-46 1.246847731091760786e-45
3.898603702549071841e+03 4.550411362266958350e-46 1.383162041098083544e-45
4.328761281083061476e+03 5.048311860844981694e-46 1.534505955977428075e-45
4.806380863064388905e+03 5.601116017804812249e-46 1.702538616147109872e-45
5.336699231206313016e+03 6.214884338955890475e-46 1.889102198262845970e-45
5.925530975545674664e+03 6.896344669924427431e-46 2.096241726378000469e-45
6.579332246575682802e+03 7.652970781921095017e-46 2.326228959201726897e-45
7.305271542664449044e+03 8.493056659898275714e-46 2.581584971037481142e-45
8.111308307896872066e+03 9.425813395037239526e-46 2.865109603628072716e-45
9.006280202112795450e+03 1.046146748986029616e-45 3.179911347388092508e-45
1.000000000000000000e+04 1.161137463834959115e-45 3.529441926483991354e-45
