# Mineral: Sinjarite; Exposure [kg Myr]: 0.01; sigma [nm]:1.0 
# Columns: m [GeV], 95% upper limit  [cm^2] (Normal Systematics), 95% upper limit [cm^2] (10% bin to bin sys), 95% upper limit [cm^2](1% bin to bin sys)
3.162277660168379412e-01 1.429368608122424856e-43 1.466697088074908828e-44 7.884137778524662886e-45
3.511191734215131643e-01 1.166166370647361891e-43 1.037683591860566368e-44 5.577853901905442772e-45
3.898603702549072736e-01 1.034415306051868179e-43 7.782482716341336839e-45 4.184442140003902464e-45
4.328761281083058354e-01 1.046671518967235363e-43 6.155524724844979123e-45 3.310689960335593682e-45
4.806380863064390607e-01 1.089328199158911312e-43 5.056284306832491380e-45 2.722121560055752521e-45
5.336699231206309957e-01 9.820058838970756644e-44 4.289682075889438621e-45 2.313616218469536028e-45
5.925530975545677537e-01 6.688503337843846006e-44 3.726116539273802924e-45 2.015920954658798642e-45
6.579332246575679832e-01 4.148446274855565468e-44 3.292135218815792124e-45 1.789638611485680591e-45
7.305271542664454332e-01 2.656450429155426213e-44 2.944274098140719382e-45 1.611585896582429114e-45
8.111308307896871739e-01 1.818673938104122162e-44 2.651536510122488785e-45 1.465475227571930064e-45
9.006280202112786348e-01 1.293801394043159277e-44 2.397849816494984430e-45 1.342695835059805726e-45
1.000000000000000000e+00 9.456376456269278827e-45 2.168553605213251273e-45 1.235099892457848635e-45
1.110336318167637781e+00 7.025874585466409435e-45 1.957600008317551000e-45 1.138765919509242573e-45
1.232846739442066131e+00 5.274882533436349908e-45 1.761386393279450575e-45 1.050549993001641523e-45
1.368874509537080897e+00 3.997924436821515347e-45 1.580133077119652722e-45 9.690776335686413786e-46
1.519911082952933867e+00 3.102544027111271296e-45 1.415576860934160794e-45 8.937817086141743179e-46
1.687612475788147881e+00 2.431284187637499569e-45 1.269750132615973658e-45 8.248322057728595787e-46
1.873817422860383886e+00 1.954844273669642078e-45 1.144013785734627896e-45 7.627595393704713339e-46
2.080567538217171109e+00 1.620840494312708595e-45 1.038252945763916200e-45 7.079164422468779547e-46
2.310129700083159765e+00 1.376314864130541323e-45 9.511227112797322738e-46 6.603527808901982013e-46
2.565020905680045704e+00 1.223237611789743715e-45 8.804152476369313044e-46 6.196973173070255881e-46
2.848035868435801810e+00 1.127352238413219890e-45 8.234741349664070850e-46 5.852121429249110464e-46
3.162277660168379523e+00 1.078409828048951115e-45 7.775165603411429792e-46 5.559159100749697667e-46
3.511191734215131088e+00 1.073311064171625507e-45 7.398707729241118239e-46 5.307377841220618491e-46
3.898603702549071848e+00 1.116740471424181944e-45 7.078571553752831744e-46 5.084886486295896108e-46
4.328761281083059131e+00 1.239541195405087680e-45 6.788240487507128636e-46 4.879474787205286759e-46
4.806380863064391384e+00 1.469256768389577243e-45 6.500554039174076408e-46 4.678741935496200647e-46
5.336699231206309513e+00 1.959447809271148273e-45 6.186460489247550538e-46 4.469687219546726019e-46
5.925530975545677315e+00 3.106157284528570455e-45 5.816057434610497144e-46 4.238908438059812458e-46
6.579332246575678944e+00 3.490199230441415413e-45 5.365782113128188757e-46 3.974293234306251636e-46
7.305271542664456774e+00 1.765922268682514498e-45 4.833442083837619319e-46 3.669809007063292948e-46
8.111308307896871739e+00 1.000845639860908951e-45 4.249525783021830770e-46 3.331313495064532852e-46
9.006280202112785460e+00 6.572692351641872228e-46 3.668729340464732489e-46 2.978521371605640870e-46
1.000000000000000000e+01 4.736236877170105885e-46 3.177001857897465189e-46 2.665285998883049482e-46
1.110336318167637870e+01 3.640972718824384540e-46 2.736627801231577468e-46 2.361857157485756784e-46
1.232846739442066486e+01 2.943158913196067323e-46 2.385067927274765299e-46 2.105798436658490383e-46
1.368874509537081252e+01 2.480233121494650553e-46 2.114463522157431267e-46 1.899842379736022930e-46
1.519911082952933867e+01 2.164759059391187909e-46 1.911033585915720989e-46 1.739946053628723056e-46
1.687612475788147748e+01 1.944386593780784575e-46 1.759492217066394565e-46 1.618228218379125521e-46
1.873817422860383886e+01 1.784879230634106987e-46 1.645096578216771963e-46 1.525156670567134784e-46
2.080567538217171375e+01 1.662604902178262627e-46 1.554757663159857493e-46 1.451160561002282426e-46
2.310129700083160387e+01 1.561492166425152769e-46 1.478031888274815071e-46 1.388013644128548051e-46
2.565020905680045615e+01 1.471863485797418083e-46 1.408004911459681163e-46 1.329977458952905667e-46
2.848035868435801987e+01 1.389500114705929148e-46 1.341622119844026508e-46 1.274391578223636098e-46
3.162277660168379256e+01 1.314039196135306789e-46 1.278992905786484401e-46 1.221319815828563406e-46
3.511191734215130822e+01 1.247005679593353129e-46 1.221978922700296421e-46 1.172471019057754955e-46
3.898603702549071670e+01 1.190194110154792151e-46 1.172785605534528153e-46 1.129990533294449778e-46
4.328761281083057355e+01 1.144822233431865349e-46 1.133104465307503612e-46 1.095646481186698853e-46
4.806380863064389075e+01 1.111373496902465836e-46 1.103879500474078331e-46 1.070550750725630078e-46
5.336699231206312533e+01 1.089766156811320436e-46 1.085422108677330549e-46 1.055214339035719692e-46
5.925530975545680690e+01 1.079609058804886243e-46 1.077649282924561879e-46 1.049743900032343306e-46
6.579332246575683030e+01 1.080414169368358936e-46 1.080302399237835050e-46 1.054041174799988406e-46
7.305271542664456774e+01 1.091733279972464248e-46 1.093099342808347851e-46 1.067950808893658644e-46
8.111308307896872805e+01 1.113235026759821452e-46 1.115827611354894977e-46 1.091356324212350677e-46
9.006280202112786526e+01 1.144741435161143400e-46 1.148394351756919987e-46 1.124235417873005763e-46
1.000000000000000000e+02 1.186240222541340597e-46 1.190848895480233799e-46 1.166687841342072695e-46
1.110336318167637870e+02 1.237887547575622983e-46 1.243392862921305650e-46 1.218949980566821792e-46
1.232846739442065882e+02 1.300004132045510281e-46 1.306381437096160402e-46 1.281399696380669431e-46
1.368874509537080542e+02 1.373072003204028524e-46 1.380323680754496564e-46 1.354559271907058047e-46
1.519911082952934578e+02 1.457732190438450820e-46 1.465882713392706925e-46 1.439097505283218773e-46
1.687612475788148743e+02 1.554784726309838248e-46 1.563877448074014124e-46 1.535832803208279091e-46
1.873817422860385022e+02 1.665191440126442219e-46 1.675286615445394854e-46 1.645738137176544134e-46
2.080567538217171659e+02 1.790081277844989668e-46 1.801254977602975558e-46 1.769947881265613661e-46
2.310129700083160458e+02 1.930758372932318063e-46 1.943102065177881532e-46 1.909766936801114894e-46
2.565020905680045757e+02 2.088713552806126654e-46 2.102334198116412189e-46 2.066682943370064888e-46
2.848035868435802058e+02 2.265137245194494633e-46 2.280157805713146509e-46 2.241879680085448795e-46
3.162277660168379612e+02 2.462936483760940056e-46 2.479496785385135589e-46 2.438254359371344535e-46
3.511191734215130964e+02 2.683753610153369757e-46 2.702011513932765642e-46 2.657436505296265587e-46
3.898603702549071954e+02 2.929988672851588982e-46 2.950121535401419674e-46 2.901810407645452181e-46
4.328761281083056929e+02 3.204324793296345369e-46 3.226531207124713542e-46 3.174040462236529768e-46
4.806380863064393907e+02 3.509756265126565457e-46 3.534258083271691012e-46 3.477099189457922170e-46
5.336699231206312106e+02 3.849593810173272081e-46 3.876665830619305755e-46 3.814299694395859963e-46
5.925530975545680121e+02 4.227550725855533029e-46 4.257444982871220859e-46 4.189278465061817197e-46
6.579332246575681893e+02 4.647790146792809424e-46 4.680812895694343103e-46 4.606184545109261689e-46
7.305271542664456774e+02 5.114914060133071937e-46 5.151406898442390700e-46 5.069587250011263472e-46
8.111308307896872520e+02 5.634038991379082030e-46 5.674381717547773152e-46 5.584562719890994013e-46
9.006280202112785673e+02 6.210854566284948080e-46 6.255469312851462386e-46 6.156755371585566855e-46
1.000000000000000000e+03 6.851681636733122447e-46 6.901037472215292143e-46 6.792435636810741736e-46
1.110336318167637955e+03 7.563544070165267142e-46 7.618162122656265641e-46 7.498571154062606779e-46
1.232846739442065882e+03 8.354245046181904493e-46 8.414704201500816195e-46 8.282902472813291491e-46
1.368874509537082076e+03 9.232452527952609775e-46 9.299395764360542097e-46 9.154027846516248952e-46
1.519911082952934748e+03 1.020779424291122705e-45 1.028193567111742744e-45 1.012149745529064908e-45
1.687612475788148686e+03 1.129096318501837046e-45 1.137309587013570093e-45 1.119591806318892908e-45
1.873817422860385022e+03 1.249383476911817908e-45 1.258483941995483148e-45 1.238906923208711247e-45
2.080567538217171659e+03 1.382959702624392304e-45 1.393045164676610798e-45 1.371403246873903058e-45
2.310129700083160515e+03 1.531289517213196868e-45 1.542468578069799957e-45 1.518533462791805121e-45
2.565020905680045871e+03 1.695999218068382912e-45 1.708392471434333322e-45 1.681910718974017569e-45
2.848035868435802058e+03 1.878894706842303462e-45 1.892636060268621449e-45 1.863326310422381540e-45
3.162277660168379498e+03 2.081981283327583035e-45 2.097219426222447480e-45 2.064769313091695231e-45
3.511191734215134602e+03 2.307485634574882627e-45 2.324385668322856146e-45 2.288448395154927715e-45
3.898603702549071841e+03 2.557880248063320411e-45 2.576625496122818194e-45 2.536816032692681285e-45
4.328761281083061476e+03 2.835910520056566508e-45 2.856704537875787764e-45 2.812595398705858969e-45
4.806380863064388905e+03 3.144624856383144254e-45 3.167693663166794840e-45 3.118810220287490114e-45
5.336699231206313016e+03 3.487408095645302437e-45 3.513002652437921543e-45 3.458817931289717347e-45
5.925530975545674664e+03 3.868018621294752165e-45 3.896417582547955867e-45 3.836346483960108774e-45
6.579332246575682802e+03 4.290629569464765043e-45 4.322142338254934715e-45 4.255535223144299246e-45
7.305271542664449044e+03 4.759874584358871380e-45 4.794844704751676069e-45 4.720980271198654264e-45
8.111308307896872066e+03 5.280898622860912621e-45 5.319707546616037722e-45 5.237784921216658083e-45
9.006280202112795450e+03 5.859414365394612973e-45 5.902485634308769666e-45 5.811615591087579028e-45
1.000000000000000000e+04 6.501764851532149132e-45 6.549568741275956366e-45 6.448763951879077453e-45
