3.162277660168379412e-01 9.202977503008737185e-39
3.511191734215131643e-01 9.202977503008737185e-39
3.898603702549072736e-01 9.202977503008737185e-39
4.328761281083058354e-01 9.202977503008737185e-39
4.806380863064390607e-01 9.202977503008737185e-39
5.336699231206309957e-01 9.202977503008737185e-39
5.925530975545677537e-01 9.202977503008737185e-39
6.579332246575679832e-01 9.202977503008737185e-39
7.305271542664454332e-01 9.202977503008737185e-39
8.111308307896871739e-01 9.202977503008737185e-39
9.006280202112786348e-01 9.202977503008737185e-39
1.000000000000000000e+00 9.202977503008737185e-39
1.110336318167637781e+00 9.202977503008737185e-39
1.232846739442066131e+00 9.202977503008737185e-39
1.368874509537080897e+00 1.720401405520135619e-41
1.519911082952933867e+00 3.031140445464339969e-43
1.687612475788147881e+00 2.252087877259536672e-44
1.873817422860383886e+00 5.518852255919141668e-45
2.080567538217171109e+00 2.167256036292562728e-45
2.310129700083159765e+00 1.108062712845607558e-45
2.565020905680045704e+00 6.664186190939804106e-46
2.848035868435801810e+00 4.508202371645526351e-46
3.162277660168379523e+00 3.339024072684078609e-46
3.511191734215131088e+00 2.699769365883399913e-46
3.898603702549071848e+00 2.392058394290970724e-46
4.328761281083059131e+00 2.373605196280651898e-46
4.806380863064391384e+00 2.765831679385593578e-46
5.336699231206309513e+00 4.553170782073856386e-46
5.925530975545677315e+00 5.242624743176055625e-45
6.579332246575678944e+00 2.811879505174986029e-46
7.305271542664456774e+00 1.248401612332609358e-46
8.111308307896871739e+00 7.402617381598984517e-47
9.006280202112785460e+00 5.009859401964124788e-47
1.000000000000000000e+01 3.672966433138040704e-47
1.110336318167637870e+01 2.848778355204959532e-47
1.232846739442066486e+01 2.307029537417472478e-47
1.368874509537081252e+01 1.934957816133866020e-47
1.519911082952933867e+01 1.671464094801663702e-47
1.687612475788147748e+01 1.480976763590992666e-47
1.873817422860383886e+01 1.341507548714959694e-47
2.080567538217171375e+01 1.238849705659169918e-47
2.310129700083160387e+01 1.163503791407767431e-47
2.565020905680045615e+01 1.108977967313651612e-47
2.848035868435801987e+01 1.070807088324383226e-47
3.162277660168379256e+01 1.045979962596076187e-47
3.511191734215130822e+01 1.032550584131093545e-47
3.898603702549071670e+01 1.029362893207372150e-47
4.328761281083057355e+01 1.035830035832506135e-47
4.806380863064389075e+01 1.051757673381901598e-47
5.336699231206312533e+01 1.077212288894658408e-47
5.925530975545680690e+01 1.112436337552819993e-47
6.579332246575683030e+01 1.157803537921145792e-47
7.305271542664456774e+01 1.213802076488950762e-47
8.111308307896872805e+01 1.281032519747123262e-47
9.006280202112786526e+01 1.360211671755587725e-47
1.000000000000000000e+02 1.452178139822345085e-47
1.110336318167637870e+02 1.557899390244614256e-47
1.232846739442065882e+02 1.678481306788656959e-47
1.368874509537080542e+02 1.815181198885983536e-47
1.519911082952934578e+02 1.969424201046259544e-47
1.687612475788148743e+02 2.142821783391264286e-47
1.873817422860385022e+02 2.337190561510082691e-47
2.080567538217171659e+02 2.554570637506955307e-47
2.310129700083160458e+02 2.797244022743211837e-47
2.565020905680045757e+02 3.067754393444146963e-47
2.848035868435802058e+02 3.368930205869490802e-47
3.162277660168379612e+02 3.703913054056776305e-47
3.511191734215130964e+02 4.076192490710034748e-47
3.898603702549071954e+02 4.489647651999466597e-47
4.328761281083056929e+02 4.948595426723591899e-47
4.806380863064393907e+02 5.457844641157491321e-47
5.336699231206312106e+02 6.022755827411417881e-47
5.925530975545680121e+02 6.649306337488561223e-47
6.579332246575681893e+02 7.344161004179295209e-47
7.305271542664456774e+02 8.114748925392898814e-47
8.111308307896872520e+02 8.969347200419148936e-47
9.006280202112785673e+02 9.917172682497223016e-47
1.000000000000000000e+03 1.096848301105099704e-46
1.110336318167637955e+03 1.213468830717638031e-46
1.232846739442065882e+03 1.342847500336364823e-46
1.368874509537082076e+03 1.486394338687880448e-46
1.519911082952934748e+03 1.645676052074298247e-46
1.687612475788148686e+03 1.822433034167368506e-46
1.873817422860385022e+03 2.018598287869370120e-46
2.080567538217171659e+03 2.236318471674748425e-46
2.310129700083160515e+03 2.477977303807689909e-46
2.565020905680045871e+03 2.774378454172187478e-46
2.848035868435802058e+03 3.076715903108487704e-46
3.162277660168379498e+03 3.412402438434844273e-46
3.511191734215134602e+03 3.785118506037890447e-46
3.898603702549071841e+03 4.198950584383156456e-46
4.328761281083061476e+03 4.658435984193399700e-46
4.806380863064388905e+03 5.168612592078384044e-46
5.336699231206313016e+03 5.735074104056061745e-46
5.925530975545674664e+03 6.364031353704561535e-46
6.579332246575682802e+03 7.062380407588599696e-46
7.305271542664449044e+03 7.837778174275749595e-46
8.111308307896872066e+03 8.698726355791737024e-46
9.006280202112795450e+03 9.654664662070077133e-46
1.000000000000000000e+04 1.071607431026419738e-45
