3.162277660168379412e-01 5.208013005389437342e-31
3.511191734215131643e-01 5.208013005389437342e-31
3.898603702549072736e-01 5.208013005389437342e-31
4.328761281083058354e-01 5.208013005389437342e-31
4.806380863064390607e-01 5.208013005389437342e-31
5.336699231206309957e-01 5.208013005389437342e-31
5.925530975545677537e-01 5.208013005389437342e-31
6.579332246575679832e-01 5.208013005389437342e-31
7.305271542664454332e-01 5.208013005389437342e-31
8.111308307896871739e-01 5.208013005389437342e-31
9.006280202112786348e-01 5.208013005389437342e-31
1.000000000000000000e+00 5.208013005389437342e-31
1.110336318167637781e+00 5.208013005389437342e-31
1.232846739442066131e+00 5.208013005389437342e-31
1.368874509537080897e+00 5.208013005389437342e-31
1.519911082952933867e+00 5.208013005389437342e-31
1.687612475788147881e+00 5.208013005389437342e-31
1.873817422860383886e+00 5.208013005389437342e-31
2.080567538217171109e+00 5.208013005389437342e-31
2.310129700083159765e+00 5.208013005389437342e-31
2.565020905680045704e+00 5.208013005389437342e-31
2.848035868435801810e+00 5.208013005389437342e-31
3.162277660168379523e+00 5.208013005389437342e-31
3.511191734215131088e+00 5.208013005389437342e-31
3.898603702549071848e+00 5.208013005389437342e-31
4.328761281083059131e+00 5.208013005389437342e-31
4.806380863064391384e+00 5.208013005389437342e-31
5.336699231206309513e+00 5.208013005389437342e-31
5.925530975545677315e+00 3.290453030427839857e-44
6.579332246575678944e+00 4.155726825029481917e-46
7.305271542664456774e+00 4.112557120551596627e-47
8.111308307896871739e+00 8.489586350378182252e-48
9.006280202112785460e+00 2.993489417960359445e-48
1.000000000000000000e+01 1.406288120979302009e-48
1.110336318167637870e+01 7.990712970787105339e-49
1.232846739442066486e+01 5.149485555897775539e-49
1.368874509537081252e+01 3.639873089557953756e-49
1.519911082952933867e+01 2.756642550486555190e-49
1.687612475788147748e+01 2.204077764525272463e-49
1.873817422860383886e+01 1.845141681803206695e-49
2.080567538217171375e+01 1.609463426314667104e-49
2.310129700083160387e+01 1.456907033689241195e-49
2.565020905680045615e+01 1.362919401096796000e-49
2.848035868435801987e+01 1.311738272543130135e-49
3.162277660168379256e+01 1.292939991461800757e-49
3.511191734215130822e+01 1.299439303296638710e-49
3.898603702549071670e+01 1.326273426671634834e-49
4.328761281083057355e+01 1.370098536607385902e-49
4.806380863064389075e+01 1.428800454776430109e-49
5.336699231206312533e+01 1.501223301874602962e-49
5.925530975545680690e+01 1.586985413543242133e-49
6.579332246575683030e+01 1.686320127149008846e-49
7.305271542664456774e+01 1.799966170679725890e-49
8.111308307896872805e+01 1.929020619695206530e-49
9.006280202112786526e+01 2.074867128677051662e-49
1.000000000000000000e+02 2.239118840459682786e-49
1.110336318167637870e+02 2.423588479017368872e-49
1.232846739442065882e+02 2.630284018027421288e-49
1.368874509537080542e+02 2.861425881296829853e-49
1.519911082952934578e+02 3.119470861472299533e-49
1.687612475788148743e+02 3.407149555974186510e-49
1.873817422860385022e+02 3.727511197723042605e-49
2.080567538217171659e+02 4.083968072021597130e-49
2.310129700083160458e+02 4.480340702307632683e-49
2.565020905680045757e+02 4.920903108424778090e-49
2.848035868435802058e+02 5.410429108744509378e-49
3.162277660168379612e+02 5.954244104956360244e-49
3.511191734215130964e+02 6.558281297733752141e-49
3.898603702549071954e+02 7.229144272620604587e-49
4.328761281083056929e+02 7.974178623565172020e-49
4.806380863064393907e+02 8.891714504021441963e-49
5.336699231206312106e+02 9.822391430521964227e-49
5.925530975545680121e+02 1.085592610302983102e-48
6.579332246575681893e+02 1.200365586071476204e-48
7.305271542664456774e+02 1.327817039310269223e-48
8.111308307896872520e+02 1.469344940537520813e-48
9.006280202112785673e+02 1.626501623725815881e-48
1.000000000000000000e+03 1.801010738079129774e-48
1.110336318167637955e+03 1.994786096262638398e-48
1.232846739442065882e+03 2.209952699678669951e-48
1.368874509537082076e+03 2.448870039961927098e-48
1.519911082952934748e+03 2.714157973048012993e-48
1.687612475788148686e+03 3.008725448756163005e-48
1.873817422860385022e+03 3.335802410353573460e-48
2.080567538217171659e+03 3.698975213507900855e-48
2.310129700083160515e+03 4.102225952783360926e-48
2.565020905680045871e+03 4.549976126751691017e-48
2.848035868435802058e+03 5.047135120438609459e-48
3.162277660168379498e+03 5.599154036676927837e-48
3.511191734215134602e+03 6.212085467749821986e-48
3.898603702549071841e+03 6.892649859893568936e-48
4.328761281083061476e+03 7.648309202348123836e-48
4.806380863064388905e+03 8.487348839904394304e-48
5.336699231206313016e+03 9.418968318891204666e-48
5.925530975545674664e+03 1.045338225660889158e-47
6.579332246575682802e+03 1.160193233885971987e-47
7.305271542664449044e+03 1.287721167486722299e-47
8.111308307896872066e+03 1.429320287308217578e-47
9.006280202112795450e+03 1.586543135180707955e-47
1.000000000000000000e+04 1.761113556566265094e-47
