3.162277660168379412e-01 5.603264571008326797e-25
3.511191734215131643e-01 5.603264571008326797e-25
3.898603702549072736e-01 5.603264571008326797e-25
4.328761281083058354e-01 5.603264571008326797e-25
4.806380863064390607e-01 5.603264571008326797e-25
5.336699231206309957e-01 5.603264571008326797e-25
5.925530975545677537e-01 5.603264571008326797e-25
6.579332246575679832e-01 5.603264571008326797e-25
7.305271542664454332e-01 5.603264571008326797e-25
8.111308307896871739e-01 5.603264571008326797e-25
9.006280202112786348e-01 5.603264571008326797e-25
1.000000000000000000e+00 5.603264571008326797e-25
1.110336318167637781e+00 5.603264571008326797e-25
1.232846739442066131e+00 5.603264571008326797e-25
1.368874509537080897e+00 5.603264571008326797e-25
1.519911082952933867e+00 5.603264571008326797e-25
1.687612475788147881e+00 5.603264571008326797e-25
1.873817422860383886e+00 5.603264571008326797e-25
2.080567538217171109e+00 5.603264571008326797e-25
2.310129700083159765e+00 5.603264571008326797e-25
2.565020905680045704e+00 5.603264571008326797e-25
2.848035868435801810e+00 5.603264571008326797e-25
3.162277660168379523e+00 5.603264571008326797e-25
3.511191734215131088e+00 5.603264571008326797e-25
3.898603702549071848e+00 5.603264571008326797e-25
4.328761281083059131e+00 5.603264571008326797e-25
4.806380863064391384e+00 5.603264571008326797e-25
5.336699231206309513e+00 5.603264571008326797e-25
5.925530975545677315e+00 4.360190564712511256e-42
6.579332246575678944e+00 5.506767829370961288e-44
7.305271542664456774e+00 5.449563506317184464e-45
8.111308307896871739e+00 1.124957990918902733e-45
9.006280202112785460e+00 3.966683066149233977e-46
1.000000000000000000e+01 1.863477198932687990e-46
1.110336318167637870e+01 1.058852108763323555e-46
1.232846739442066486e+01 6.823600922523877127e-47
1.368874509537081252e+01 4.823208280161358166e-47
1.519911082952933867e+01 3.652836471989907989e-47
1.687612475788147748e+01 2.920615243920269214e-47
1.873817422860383886e+01 2.444821174022159008e-47
2.080567538217171375e+01 2.131712350447119614e-47
2.310129700083160387e+01 1.927519611144700011e-47
2.565020905680045615e+01 1.799575643576926922e-47
2.848035868435801987e+01 1.727102209007968086e-47
3.162277660168379256e+01 1.696811179012245541e-47
3.511191734215130822e+01 1.700208079320147694e-47
3.898603702549071670e+01 1.731882004044347983e-47
4.328761281083057355e+01 1.788591362002201765e-47
4.806380863064389075e+01 1.868576024592964583e-47
5.336699231206312533e+01 1.971114255441102003e-47
5.925530975545680690e+01 2.096242615440573712e-47
6.579332246575683030e+01 2.244586051726142620e-47
7.305271542664456774e+01 2.417258108094917473e-47
8.111308307896872805e+01 2.615777759739463291e-47
9.006280202112786526e+01 2.842050769287510713e-47
1.000000000000000000e+02 3.098360135238455741e-47
1.110336318167637870e+02 3.387370118906872557e-47
1.232846739442065882e+02 3.712141061275318645e-47
1.368874509537080542e+02 4.076152876441923015e-47
1.519911082952934578e+02 4.483335625494962095e-47
1.687612475788148743e+02 4.938107358174366259e-47
1.873817422860385022e+02 5.445418917329256926e-47
2.080567538217171659e+02 6.010805461327725371e-47
2.310129700083160458e+02 6.640445150564148146e-47
2.565020905680045757e+02 7.341225391919276494e-47
2.848035868435802058e+02 8.120817171600835656e-47
3.162277660168379612e+02 8.987758357492510372e-47
3.511191734215130964e+02 9.951546678619470197e-47
3.898603702549071954e+02 1.102274338040834014e-46
4.328761281083056929e+02 1.221308863909520035e-46
4.806380863064393907e+02 1.353563002154851027e-46
5.336699231206312106e+02 1.500486533297356635e-46
5.925530975545680121e+02 1.663690139780976441e-46
6.579332246575681893e+02 1.844963052918955605e-46
7.305271542664456774e+02 2.046292660400666854e-46
8.111308307896872520e+02 2.269886288670299009e-46
9.006280202112785673e+02 2.518195397887161404e-46
1.000000000000000000e+03 2.793942456285662466e-46
1.110336318167637955e+03 3.100150786781868825e-46
1.232846739442065882e+03 3.440177712126092819e-46
1.368874509537082076e+03 3.817751363274293743e-46
1.519911082952934748e+03 4.237011553931978450e-46
1.687612475788148686e+03 4.702555169325301593e-46
1.873817422860385022e+03 5.219486566773830756e-46
2.080567538217171659e+03 5.793473540608331438e-46
2.310129700083160515e+03 6.430809465000508840e-46
2.565020905680045871e+03 7.138482296018937245e-46
2.848035868435802058e+03 7.924251189441152157e-46
3.162277660168379498e+03 8.796731574360054833e-46
3.511191734215134602e+03 9.765489615329687629e-46
3.898603702549071841e+03 1.084114709877562388e-45
4.328761281083061476e+03 1.203549789362697302e-45
4.806380863064388905e+03 1.336163726317049806e-45
5.336699231206313016e+03 1.483410544580005347e-45
5.925530975545674664e+03 1.646904707898789218e-45
6.579332246575682802e+03 1.828438821446527173e-45
7.305271542664449044e+03 2.030003286544836068e-45
8.111308307896872066e+03 2.253808124091730454e-45
9.006280202112795450e+03 2.502307205973929426e-45
1.000000000000000000e+04 2.778225160144792241e-45
