3.162277660168379412e-01 5.999070979020056152e-30
3.511191734215131643e-01 5.999070979020056152e-30
3.898603702549072736e-01 5.999070979020056152e-30
4.328761281083058354e-01 5.999070979020056152e-30
4.806380863064390607e-01 5.999070979020056152e-30
5.336699231206309957e-01 5.999070979020056152e-30
5.925530975545677537e-01 5.999070979020056152e-30
6.579332246575679832e-01 1.143285141377957709e-42
7.305271542664454332e-01 6.994572624155697759e-44
8.111308307896871739e-01 1.978755395800037450e-44
9.006280202112786348e-01 8.687156065468158807e-45
1.000000000000000000e+00 4.865261127133183163e-45
1.110336318167637781e+00 3.217437380722057886e-45
1.232846739442066131e+00 2.405575466346322215e-45
1.368874509537080897e+00 1.966322230131594709e-45
1.519911082952933867e+00 1.672079167896661146e-45
1.687612475788147881e+00 1.435840229333984729e-45
1.873817422860383886e+00 1.188153705395063442e-45
2.080567538217171109e+00 8.650227984626520281e-46
2.310129700083159765e+00 5.798245711866327869e-46
2.565020905680045704e+00 3.855601231846504080e-46
2.848035868435801810e+00 2.681856939971748147e-46
3.162277660168379523e+00 1.993461305370415953e-46
3.511191734215131088e+00 1.587575536832118603e-46
3.898603702549071848e+00 1.346399863723046152e-46
4.328761281083059131e+00 1.207217921008756653e-46
4.806380863064391384e+00 1.136068393670742905e-46
5.336699231206309513e+00 1.114179825704795388e-46
5.925530975545677315e+00 1.132142787624880711e-46
6.579332246575678944e+00 1.189805010366750726e-46
7.305271542664456774e+00 1.287878985977066272e-46
8.111308307896871739e+00 1.428897802574243173e-46
9.006280202112785460e+00 1.609944604281887106e-46
1.000000000000000000e+01 1.791558827703859929e-46
1.110336318167637870e+01 1.880623911806963508e-46
1.232846739442066486e+01 1.787122725216869869e-46
1.368874509537081252e+01 1.562707271701587699e-46
1.519911082952933867e+01 1.321264379929442382e-46
1.687612475788147748e+01 1.120583028096409581e-46
1.873817422860383886e+01 9.682759659410342850e-47
2.080567538217171375e+01 8.558314546402465452e-47
2.310129700083160387e+01 7.735938920427466235e-47
2.565020905680045615e+01 7.138491409285514016e-47
2.848035868435801987e+01 6.710806991469560936e-47
3.162277660168379256e+01 6.414528648193793997e-47
3.511191734215130822e+01 6.222853126250685659e-47
3.898603702549071670e+01 6.117297007655951475e-47
4.328761281083057355e+01 6.084999934065984634e-47
4.806380863064389075e+01 6.117191239031458977e-47
5.336699231206312533e+01 6.208120001598399429e-47
5.925530975545680690e+01 6.354247558676340324e-47
6.579332246575683030e+01 6.553811164067089153e-47
7.305271542664456774e+01 6.806438965997042741e-47
8.111308307896872805e+01 7.112958779090095381e-47
9.006280202112786526e+01 7.475227608211348956e-47
1.000000000000000000e+02 7.896035479939593564e-47
1.110336318167637870e+02 8.379064839015027624e-47
1.232846739442065882e+02 8.928868376952149108e-47
1.368874509537080542e+02 9.550886203115295076e-47
1.519911082952934578e+02 1.025146091915344019e-46
1.687612475788148743e+02 1.103787518345768021e-46
1.873817422860385022e+02 1.191843452687375986e-46
2.080567538217171659e+02 1.290253738092211423e-46
2.310129700083160458e+02 1.400076636432759198e-46
2.565020905680045757e+02 1.522498180284287590e-46
2.848035868435802058e+02 1.658845676552334911e-46
3.162277660168379612e+02 1.810602146931634301e-46
3.511191734215130964e+02 1.979421600369846573e-46
3.898603702549071954e+02 2.167147065745706098e-46
4.328761281083056929e+02 2.375830469472774373e-46
4.806380863064393907e+02 2.607754721264924207e-46
5.336699231206312106e+02 2.865458422932963826e-46
5.925530975545680121e+02 3.151763427631338285e-46
6.579332246575681893e+02 3.469805386559235414e-46
7.305271542664456774e+02 3.823068918500995317e-46
8.111308307896872520e+02 4.215425308835275380e-46
9.006280202112785673e+02 4.651174845536470755e-46
1.000000000000000000e+03 5.135093897703476499e-46
1.110336318167637955e+03 5.672487230710117047e-46
1.232846739442065882e+03 6.269246123531994877e-46
1.368874509537082076e+03 6.931912924961660477e-46
1.519911082952934748e+03 7.667752755263263343e-46
1.687612475788148686e+03 8.484833138210967160e-46
1.873817422860385022e+03 9.392112435607997661e-46
2.080567538217171659e+03 1.039953805306965884e-45
2.310129700083160515e+03 1.151815549313487081e-45
2.565020905680045871e+03 1.276022945082853310e-45
2.848035868435802058e+03 1.413937827893645508e-45
3.162277660168379498e+03 1.567072329693054430e-45
3.511191734215134602e+03 1.737105458030288303e-45
3.898603702549071841e+03 1.925901504782177364e-45
4.328761281083061476e+03 2.135530486489602564e-45
4.806380863064388905e+03 2.368290840402380319e-45
5.336699231206313016e+03 2.626734625065955110e-45
5.925530975545674664e+03 2.913695501746289603e-45
6.579332246575682802e+03 3.232319803481714447e-45
7.305271542664449044e+03 3.586101032405783098e-45
8.111308307896872066e+03 3.978918163575596999e-45
9.006280202112795450e+03 4.415078175276568838e-45
1.000000000000000000e+04 4.899363272116608471e-45
