3.162277660168379412e-01 1.521214768150922139e-25
3.511191734215131643e-01 1.521214768150922139e-25
3.898603702549072736e-01 1.521214768150922139e-25
4.328761281083058354e-01 1.521214768150922139e-25
4.806380863064390607e-01 1.521214768150922139e-25
5.336699231206309957e-01 1.521214768150922139e-25
5.925530975545677537e-01 1.521214768150922139e-25
6.579332246575679832e-01 2.327022206206027865e-41
7.305271542664454332e-01 1.423662849297042652e-42
8.111308307896871739e-01 4.027523476013118839e-43
9.006280202112786348e-01 1.768168267170634896e-43
1.000000000000000000e+00 9.902665811071931690e-44
1.110336318167637781e+00 6.548714717829517621e-44
1.232846739442066131e+00 4.896265442709705156e-44
1.368874509537080897e+00 4.002972457362840966e-44
1.519911082952933867e+00 3.409539451642945879e-44
1.687612475788147881e+00 2.937465142206852807e-44
1.873817422860383886e+00 2.440823322839668170e-44
2.080567538217171109e+00 1.780427327500366676e-44
2.310129700083159765e+00 1.191804043358920154e-44
2.565020905680045704e+00 7.902307439560852925e-45
2.848035868435801810e+00 5.476299919629349179e-45
3.162277660168379523e+00 4.055481616661198233e-45
3.511191734215131088e+00 3.217286987125757511e-45
3.898603702549071848e+00 2.717395399991179757e-45
4.328761281083059131e+00 2.427026877295589524e-45
4.806380863064391384e+00 2.275504092972111231e-45
5.336699231206309513e+00 2.222994754490161586e-45
5.925530975545677315e+00 2.247114389136293748e-45
6.579332246575678944e+00 2.336390979307818576e-45
7.305271542664456774e+00 2.476650970193535964e-45
8.111308307896871739e+00 2.646087639730194871e-45
9.006280202112785460e+00 2.809461125195233034e-45
1.000000000000000000e+01 2.919480722646234694e-45
1.110336318167637870e+01 2.941600213041398471e-45
1.232846739442066486e+01 2.877176361471727843e-45
1.368874509537081252e+01 2.759989723862234356e-45
1.519911082952933867e+01 2.628682429912181987e-45
1.687612475788147748e+01 2.509699847653046258e-45
1.873817422860383886e+01 2.415633635113262885e-45
2.080567538217171375e+01 2.350185919341517065e-45
2.310129700083160387e+01 2.313120308012440605e-45
2.565020905680045615e+01 2.302678040457203389e-45
2.848035868435801987e+01 2.316943579316723579e-45
3.162277660168379256e+01 2.354372909696127532e-45
3.511191734215130822e+01 2.413868946895338061e-45
3.898603702549071670e+01 2.494898215616709317e-45
4.328761281083057355e+01 2.597363666843779740e-45
4.806380863064389075e+01 2.721608190334557133e-45
5.336699231206312533e+01 2.868403947858510761e-45
5.925530975545680690e+01 3.038871178701734014e-45
6.579332246575683030e+01 3.234522559958861184e-45
7.305271542664456774e+01 3.457207007462482483e-45
8.111308307896872805e+01 3.709139625084986728e-45
9.006280202112786526e+01 3.992919766170925635e-45
1.000000000000000000e+02 4.311499724053428720e-45
1.110336318167637870e+02 4.668273299275873396e-45
1.232846739442065882e+02 5.067062111507072010e-45
1.368874509537080542e+02 5.512155589945220878e-45
1.519911082952934578e+02 6.008381000948020214e-45
1.687612475788148743e+02 6.561146208451745969e-45
1.873817422860385022e+02 7.176469787610651722e-45
2.080567538217171659e+02 7.861064036690871238e-45
2.310129700083160458e+02 8.622407588412660845e-45
2.565020905680045757e+02 9.468837977222813852e-45
2.848035868435802058e+02 1.040962424213336289e-44
3.162277660168379612e+02 1.145506756070320835e-44
3.511191734215130964e+02 1.261661988368054477e-44
3.898603702549071954e+02 1.390700759916000860e-44
4.328761281083056929e+02 1.534037222110075376e-44
4.806380863064393907e+02 1.693242425595799683e-44
5.336699231206312106e+02 1.870061446267961200e-44
5.925530975545680121e+02 2.066432777775776653e-44
6.579332246575681893e+02 2.284509707851834891e-44
7.305271542664456774e+02 2.526683076761966844e-44
8.111308307896872520e+02 2.795607947001688341e-44
9.006280202112785673e+02 3.094232735022973799e-44
1.000000000000000000e+03 3.425831526725745843e-44
1.110336318167637955e+03 3.794039971828952319e-44
1.232846739442065882e+03 4.202895141733046075e-44
1.368874509537082076e+03 4.656879789366111877e-44
1.519911082952934748e+03 5.160971496382404753e-44
1.687612475788148686e+03 5.720697246438330415e-44
1.873817422860385022e+03 6.342194022790603508e-44
2.080567538217171659e+03 7.032276094536497561e-44
2.310129700083160515e+03 7.798509729169540662e-44
2.565020905680045871e+03 8.649296150563297515e-44
2.848035868435802058e+03 9.593963651913112781e-44
3.162277660168379498e+03 1.064286987355302430e-43
3.511191734215134602e+03 1.180751536702362941e-43
3.898603702549071841e+03 1.310066969051926805e-43
4.328761281083061476e+03 1.453651141824628810e-43
4.806380863064388905e+03 1.613078359878489747e-43
5.336699231206313016e+03 1.790096636693826074e-43
5.925530975545674664e+03 1.986646860163249270e-43
6.579332246575682802e+03 2.204884073126008327e-43
7.305271542664449044e+03 2.447201101972820249e-43
8.111308307896872066e+03 2.716254792392799895e-43
9.006280202112795450e+03 3.014995139919323671e-43
1.000000000000000000e+04 3.346697634671810270e-43
