1.9343044132738074 5.011550681746831e-40
1.9855111964445809 3.4897286809846656e-40
2.0380735752624006 2.6335750351451267e-40
2.092027436370494 1.9874661040361068e-40
2.2042579273105893 1.3294646496076898e-40
2.3377298712414123 9.25821581646831e-41
2.4471043118830327 7.273897305376034e-41
2.612289330380731 5.065518032434446e-41
2.7524301855766096 4.1432121697195035e-41
2.938225383971006 3.2553344994458515e-41
3.1778080406196483 2.5577992522499423e-41
3.436926247427222 2.1780697789180375e-41
3.621306200274717 1.9307213315589747e-41
3.9680904247178574 1.711609014158662e-41
4.291648192260891 1.5795900737023119e-41
4.702625836135108 1.457795532408019e-41
5.220721140751184 1.4006462762487567e-41
5.79589577806744 1.345737414854685e-41
6.106826799956265 2.0738760933380151e-44
6.350923470063745 1.503425729258533e-44
6.604776955995447 1.0898861945790092e-44
6.824055545621014 8.061349584537707e-45
7.2372648837302025 5.076800985450814e-45
8.576958985908933 1.2427892065812798e-45
8.91978959117905 9.764075833297951e-46
9.521895354084075 7.078725851322252e-46
10.231258981807276 4.929671585362905e-46
10.993468890404673 3.72062054474729e-46
12.859374909028176 2.0358946619394797e-46
15.041978532842908 1.1597449133742245e-46
17.595032401120527 7.917211907946032e-47
20.050613225771794 5.626321365537227e-47
21.68553858250957 5.405447012465811e-47
23.762193320625002 4.988659169635849e-47
29.286445646252343 4.2492574820565726e-47
33.3736921321724 4.2504697428928196e-47
37.53773681925604 4.426043428969389e-47
45.07136481415063 4.995636745110754e-47
54.8285918571027 5.870102285298655e-47
10331.999991955088 8.52743749982826e-45
