1.089912345630078 59185.017322073865
1.2683061960614868 70948.83732892804
1.475904597667383 83461.96771204297
1.71749485321738 94845.48236031483
1.998650920197732 102495.36676353395
2.325882035760997 99536.15737457322
2.706741858554203 87688.29860291361
3.1500476826217674 67910.39775022745
3.506739777498121 51352.19439896761
3.9024874684107034 34715.023258292036
4.266794212666909 24478.850552439002
4.864457253405277 11698.845031211324
5.217336339121384 6974.044398832805
5.616670071733292 3664.6244957158033
5.901990509435421 1894.1086387483078
6.2375320652739115 847.4999760603275
6.547155275459586 305.52640703214325
6.7684696442640355 134.38154650240767
6.920446822239001 62.79703892005407
7.1544411264419665 26.45214621746521
7.365812904737031 11.239537446991163
7.520721206365094 5.644608704071355
7.711163251101646 2.104386000180427
7.841413491035835 0.7338567126864711
7.896855156999307 0.3390388851437609
7.898050188948098 0.1584574883504283
7.899245401741199 0.07405868976851823
7.900440795405986 0.03461300306679267
7.901636369969822 0.016177169553586702
7.90283212546009 0.007560765942801609
7.904028061904163 0.003533694905803479
7.905224179329433 0.0016515522080391906
7.906420477763277 0.0007718902646064508
7.907616957233098 0.0003607603669408664
7.908786418925006 0.00017154960790713685
