1.061	8256.402
1.184	7226.319
1.253	5823.028
1.345	4824.143
1.418	3196.834
1.477	2246.080
1.560	1805.313
1.723	1438.180
1.833	1198.466
1.969	898.445
2.140	730.447
2.348	622.787
2.560	487.880
2.824	385.809
3.109	337.934
3.395	292.705
3.669	255.536
3.945	188.186
4.266	141.435
4.502	100.592
4.691	62.300
5.005	41.505
4.800	46.787
5.325	37.606
5.807	34.473
6.476	31.274
7.381	26.354
8.447	21.767
9.395	17.791
10.540	14.145
12.187	12.124
14.297	10.414
16.398	9.302
17.913	8.381
20.848	7.269
23.596	6.020
27.188	4.529
31.218	3.579
35.444	2.741
42.954	1.724
52.561	0.919
61.694	0.613
70.188	0.433
82.605	0.293
98.070	0.221
113.941	0.175
140.308	0.129
164.744	0.102
191.843	0.079
228.873	0.056
268.380	0.034
300.917	0.023
337.107	0.013
368.974	0.008
409.508	0.004
442.142	0.002
466.149	8.732e-4
493.685	4.254e-4
514.792	1.932e-4
534.734	1.143e-4
