1.0918645576246218 7.336721398609435
1.270595419235233 8.207387121202222
1.4785851661189442 9.123841949893647
1.720624961641158 10.047441932363663
2.0022921793050683 10.892012148128849
2.3300772114439368 11.586988127463615
2.711522258042618 12.326307760228358
3.1554235643528474 12.867829108629483
3.672027770370198 12.85485470296219
4.27321013213494 12.841893379159831
4.972817738668622 12.828945124032197
5.787018994448574 12.22580366267802
6.734571827817534 11.290511255319771
7.921831432292673 9.887011001428048
9.106771334473224 8.635141316987875
10.510768044073403 7.300314353712371
12.107524877851196 5.653523449422105
13.793511357954833 4.349147289465063
16.052951793588445 3.0078608651231282
18.68275594008676 1.9412468207424105
21.743688877034426 1.165488870899225
25.306465027339108 0.6529875352478544
29.453216548651948 0.3534161121576097
34.27996622736575 0.1776041629463022
39.895665900062404 0.11556470843639013
45.37910158913527 0.08269069412472438
49.90810984479221 0.06125084518383627
57.778578340615326 0.043104896506641024
62.88930201547289 0.03371203702995818
73.1920023139706 0.02155325792003696
85.1843305880172 0.012383115088064358
99.14386585950358 0.006333457512839565
113.81375086814906 0.0029204227475334707
127.10158718932757 0.0013505176497628376
139.03693159230133 0.0006083791406924753
148.9803276528242 0.00027773347321735187
156.36422979644067 0.00014394546997061487
