1.1312480701018852 0.0544879217142689
1.33469458123176 0.061429343687963676
1.5747226574770905 0.07076786180620125
1.8707762541016104 0.0792070070063979
2.2224883685325696 0.08878033300278941
2.6222065823087184 0.09627204161306147
3.1152100189661573 0.1044914538271442
3.675483944436856 0.11358132050902164
4.366530029513872 0.12116574309180822
5.151910839720425 0.12474992768194164
6.120543223124382 0.13352822028111616
7.27132350509174 0.1398689298486646
8.579186344197742 0.14276701452197335
10.192327599962757 0.14315231981336435
12.108805721227329 0.1424400665352354
14.3856200114503 0.14282448944640908
17.090568978442995 0.14211386728577674
20.164665511108748 0.14195755709388652
23.956458165142504 0.13540673098823622
28.461109977628315 0.13274222941803324
33.81459744364304 0.12262238796114407
39.895665900062404 0.11556470843639013
46.42789902401441 0.10893090062904903
54.030358360379886 0.09634091160383854
64.12786219354109 0.08681634244255453
73.55263539952153 0.07718424765875712
85.15575904356862 0.066860151933807
98.58964532404084 0.056924390566592147
114.14369957123733 0.046616235651558
132.15255742980509 0.036877434876536025
153.7973603900407 0.027578421201400256
178.31063790862254 0.02032392311242509
208.30925700864245 0.013258513195252118
244.34855616831837 0.007949681250892699
286.1385406908598 0.004070033422652344
335.08594718439747 0.0017869464578917575
380.2795545935522 0.0007653700021767846
415.9860332081429 0.0003587379640995957
433.5947088018428 0.00020913131688090705
458.9445367731289 0.00011029670610674082
