#LZ projected limit - https://arxiv.org/abs/1802.06039
3.9774071630657453 5.703607084700278e-44
4.168370874965197 3.441043289300658e-44
4.368461223550041 2.1343634269277472e-44
4.608848334279304 1.2961302998291982e-44
4.86243872462799 7.987334177047077e-45
5.129921463620575 5.093603603251649e-45
5.412118427246284 3.2482424163014046e-45
5.709800355568459 2.1123647946463996e-45
6.023886250842197 1.3536815492830717e-45
6.355249448905288 8.674892431049969e-46
6.704817627497834 5.613843303476797e-46
7.073661606823359 3.562536115021931e-46
7.4626825755880475 2.3625279862078826e-46
7.925939339878086 1.5007493643488844e-46
8.474394195266953 9.312152788234398e-47
9.060690221433653 5.985314497350495e-47
9.75250195019333 3.75780790948916e-47
10.567337911863133 2.4201143793580963e-47
11.526954969342759 1.5499468072262972e-47
12.657824110467743 1.0136994100417827e-47
14.180811183743586 6.554608151293002e-48
16.31682938877089 4.288565231890469e-48
18.899842881761238 3.016645647198691e-48
21.890907262933883 2.3735716700721218e-48
25.354755688708032 1.9946278891090272e-48
29.366081745255272 1.780678407856957e-48
34.0114870845665 1.664920057900874e-48
39.39145552070878 1.5902703048484214e-48
45.62139252719885 1.6222956338526313e-48
52.83639444377164 1.6757003386224295e-48
61.19199321424483 1.7682040729442138e-48
70.86847429325952 1.902679391840895e-48
82.0747736551155 2.073032687841859e-48
95.05286997810434 2.274765203715696e-48
110.08258889432346 2.5319013675198968e-48
127.48848637173096 2.838225389130543e-48
147.64663815193953 3.175956207570269e-48
170.9918290886143 3.572889196518214e-48
198.0277637123361 4.048130279857976e-48
229.33700310995278 4.6688953502152736e-48
265.5957448369478 5.423300748411225e-48
307.58821924474057 6.232731272773915e-48
356.21998641669893 7.162969733882873e-48
412.5402549682213 8.26138334792718e-48
477.76417369006657 9.579213470776038e-48
553.3012226838434 1.104814868606307e-47
640.7842373736718 1.2562306590935568e-47
742.0974512869583 1.4385970217644817e-47
859.4269929791828 1.65920029282886e-47
995.3038917880679 1.9307268555852548e-47
1152.666714238761 2.2267963270426193e-47
1334.9086109692228 2.572839103077895e-47
1545.9637878210322 2.972656713116666e-47
1697.3297893034073 3.255696088073508e-47
10000.000000000000 1.9e-46
