#SuperCDMS Snolab Ge (Nominal backgrounds...)
#https://arxiv.org/abs/1610.00006
0.46291475133048265 4.431747958556216e-38
0.46417686845826517 1.958846460543317e-38
0.46876330715110676 1.1348169293157479e-38
0.47269285823585205 3.86332406358541e-39
0.47785932007880094 1.0949505630675093e-39
0.4826938160944465 4.359249849630498e-40
0.4867542934879017 1.8529469223799055e-40
0.4971629892550981 1.1371040838667466e-40
0.5099364685179534 5.353457971579264e-41
0.5297446540485079 2.6648298363512665e-41
0.5526669061333714 1.398664248429368e-41
0.5914338127797949 5.7080806552215925e-42
0.6275867435943394 2.8580676413438203e-42
0.6575442576705355 1.8201394501173343e-42
0.7218275827877239 8.207413331658774e-43
0.8093908593428663 3.673063920140416e-43
0.8993907088695571 2.1521308647714513e-43
0.9590628278801024 1.6538382070629456e-43
1.0800326318122329 1.0829428912634101e-43
1.1917584930164142 8.403542261103757e-44
1.3017220784847763 6.836410621573578e-44
1.503750570312722 5.116113280137759e-44
1.6425192350444928 4.516167714063617e-44
1.8124721070043857 4.1409227719821764e-44
2.0196317885783523 3.815966098485847e-44
2.1845955296919333 3.6073964997432e-44
2.523726425195981 3.4350745812440656e-44
2.7287294284221035 3.465146694858096e-44
3.0419530842020266 3.6010821494574433e-44
3.3396907978574193 3.5993031780305603e-44
3.6665933653120244 3.7751124001635987e-44
4.087479007414169 3.975286389731694e-44
4.400830303625692 4.3205988780712467e-44
5.105749530218565 4.930766089839157e-44
5.577077544001204 5.424295549141284e-44
6.154288038865001 5.957829286344659e-44
